MAEFILE: SM02_micro013.mae
&gen
molchg=2
&
entry_name: SM02_micro013
&zmat
C1     -0.7839000000000   5.6362000000000   0.0001000000000
C2      0.5140000000000   6.1648000000000   0.0000000000000
C3      1.6036000000000   5.2858000000000  -0.0002000000000
C4      1.3895000000000   3.8954000000000  -0.0004000000000
C5      0.0967000000000   3.3272000000000  -0.0001000000000
C6     -1.0048000000000   4.2430000000000   0.0000000000000
C7     -0.2561000000000   1.9310000000000   0.0000000000000
N8     -1.5698000000000   1.5830000000000   0.0000000000000
C9     -2.5347000000000   2.5043000000000   0.0000000000000
N10    -2.2774000000000   3.8066000000000   0.0001000000000
N11     0.4800000000000   0.5678000000000   0.0001000000000
C12     1.9393000000000   0.0791000000000   0.0001000000000
C13     1.9834000000000  -1.3330000000000  -0.0002000000000
C14     3.2051000000000  -2.0290000000000  -0.0002000000000
C15     4.4152000000000  -1.3170000000000  -0.0001000000000
C16     4.3988000000000   0.0927000000000   0.0002000000000
C17     3.1662000000000   0.7839000000000   0.0004000000000
C18     5.6947000000000   0.8908000000000   0.0002000000000
F19     5.7371000000000   1.6656000000000  -1.0833000000000
F20     5.7372000000000   1.6656000000000   1.0837000000000
F21     6.7697000000000   0.1023000000000   0.0001000000000
H22    -1.8249000000000   0.5953000000000   0.0000000000000
H23     0.0776000000000   0.0847000000000   0.7906000000000
H24     0.0776000000000   0.0846000000000  -0.7903000000000
H25    -1.6260000000000   6.3138000000000   0.0002000000000
H26     0.6713000000000   7.2338000000000   0.0001000000000
H27     2.6104000000000   5.6784000000000  -0.0004000000000
H28     2.2702000000000   3.3274000000000  -0.0010000000000
H29    -3.5543000000000   2.1469000000000   0.0001000000000
H30     1.0653000000000  -1.9032000000000  -0.0003000000000
H31     3.2136000000000  -3.1094000000000  -0.0003000000000
H32     5.3485000000000  -1.8610000000000  -0.0002000000000
H33     3.2834000000000   1.8315000000000   0.0011000000000
&
