MAEFILE: SM03_micro011.mae
&gen
molchg=1
&
entry_name: SM03_micro011
&zmat
C1     -5.0082000000000  -0.6057000000000  -1.4798000000000
C2     -5.5933000000000  -0.8932000000000  -2.7283000000000
C3     -5.5035000000000   0.0394000000000  -3.7798000000000
C4     -4.8289000000000   1.2598000000000  -3.5824000000000
C5     -4.2439000000000   1.5480000000000  -2.3340000000000
C6     -4.3315000000000   0.6158000000000  -1.2785000000000
C7     -3.6938000000000   0.9185000000000   0.0641000000000
C8     -2.3670000000000   0.2516000000000   0.2177000000000
N9     -2.1899000000000  -0.8483000000000   0.9612000000000
N10    -0.8764000000000  -1.2933000000000   0.9384000000000
C11    -0.0988000000000  -0.5133000000000   0.1752000000000
S12    -0.9138000000000   0.8451000000000  -0.5791000000000
N13     1.2868000000000  -0.7470000000000  -0.0251000000000
C14     2.0484000000000  -1.7375000000000   0.4816000000000
O15     1.6171000000000  -2.6523000000000   1.1844000000000
C16     3.4769000000000  -1.7272000000000   0.0962000000000
C17     4.4043000000000  -2.7390000000000   0.0961000000000
C18     5.6984000000000  -2.3143000000000  -0.3274000000000
C19     5.7474000000000  -0.9807000000000  -0.6359000000000
S20     4.2003000000000  -0.2126000000000  -0.4081000000000
H21     0.6146000000000  -2.5553000000000   1.2868000000000
H22    -5.0774000000000  -1.3260000000000  -0.6777000000000
H23    -6.1102000000000  -1.8294000000000  -2.8796000000000
H24    -5.9517000000000  -0.1814000000000  -4.7374000000000
H25    -4.7594000000000   1.9747000000000  -4.3889000000000
H26    -3.7257000000000   2.4850000000000  -2.1911000000000
H27    -4.3602000000000   0.5941000000000   0.8647000000000
H28    -3.5643000000000   1.9948000000000   0.1828000000000
H29     1.7595000000000  -0.0761000000000  -0.6140000000000
H30     4.2027000000000  -3.7617000000000   0.3801000000000
H31     6.5374000000000  -2.9922000000000  -0.3878000000000
H32     6.5952000000000  -0.4047000000000  -0.9777000000000
&
