MAEFILE: SM04_micro006.mae
&gen
molchg=1
&
entry_name: SM04_micro006
&zmat
C1     -4.1231000000000   2.7808000000000   0.0000000000000
C2     -4.9427000000000   1.6366000000000   0.0000000000000
C3     -4.3604000000000   0.3564000000000  -0.0001000000000
C4     -2.9595000000000   0.2209000000000  -0.0002000000000
C5     -2.1347000000000   1.3706000000000  -0.0002000000000
C6     -2.7172000000000   2.6647000000000  -0.0001000000000
C7     -0.7186000000000   1.2950000000000  -0.0002000000000
N8      0.0112000000000   2.4420000000000  -0.0003000000000
C9     -0.6037000000000   3.6320000000000  -0.0003000000000
N10    -1.9333000000000   3.7619000000000  -0.0002000000000
N11    -0.0430000000000   0.0632000000000   0.0001000000000
C12     1.4112000000000  -0.0011000000000   0.0002000000000
C13     1.9387000000000  -1.4211000000000   0.0039000000000
C14     2.1802000000000  -2.0838000000000   1.2257000000000
C15     2.6655000000000  -3.4063000000000   1.2287000000000
C16     2.9091000000000  -4.0712000000000   0.0109000000000
Cl17    3.5003000000000  -5.6921000000000   0.0153000000000
C18     2.6676000000000  -3.4121000000000  -1.2104000000000
C19     2.1823000000000  -2.0896000000000  -1.2142000000000
H20     1.0301000000000   2.3904000000000  -0.0004000000000
H21    -4.5801000000000   3.7599000000000   0.0001000000000
H22    -6.0179000000000   1.7417000000000   0.0001000000000
H23    -4.9896000000000  -0.5218000000000   0.0000000000000
H24    -2.5347000000000  -0.7720000000000  -0.0002000000000
H25     0.0298000000000   4.5070000000000  -0.0002000000000
H26    -0.5671000000000  -0.8000000000000  -0.0001000000000
H27     1.7972000000000   0.5224000000000   0.8758000000000
H28     1.7968000000000   0.5179000000000  -0.8783000000000
H29     1.9948000000000  -1.5810000000000   2.1637000000000
H30     2.8504000000000  -3.9103000000000   2.1660000000000
H31     2.8541000000000  -3.9205000000000  -2.1451000000000
H32     1.9985000000000  -1.5912000000000  -2.1548000000000
&
