MAEFILE: SM04_micro016.mae
&gen
molchg=3
&
entry_name: SM04_micro016
&zmat
C1     -3.6260000000000   3.4554000000000  -0.0010000000000
C2     -4.5712000000000   2.4111000000000  -0.0005000000000
C3     -4.1446000000000   1.0680000000000   0.0001000000000
C4     -2.7701000000000   0.7575000000000   0.0002000000000
C5     -1.8141000000000   1.7970000000000  -0.0002000000000
C6     -2.2508000000000   3.1502000000000  -0.0009000000000
C7     -0.4185000000000   1.5567000000000   0.0000000000000
N8      0.4463000000000   2.6003000000000  -0.0005000000000
C9      0.0052000000000   3.8791000000000  -0.0012000000000
N10    -1.3234000000000   4.1386000000000  -0.0013000000000
N11     0.1622000000000   0.1547000000000   0.0012000000000
C12     1.6337000000000   0.0126000000000   0.0009000000000
C13     2.0195000000000  -1.4521000000000   0.0041000000000
C14     2.1960000000000  -2.1360000000000   1.2256000000000
C15     2.5492000000000  -3.4995000000000   1.2282000000000
C16     2.7270000000000  -4.1843000000000   0.0103000000000
Cl17    3.1593000000000  -5.8543000000000   0.0141000000000
C18     2.5507000000000  -3.5045000000000  -1.2107000000000
C19     2.1974000000000  -2.1410000000000  -1.2144000000000
H20     1.4503000000000   2.4195000000000  -0.0004000000000
H21    -1.6375000000000   5.1097000000000  -0.0018000000000
H22    -0.1726000000000  -0.3463000000000   0.8126000000000
H23    -0.1731000000000  -0.3481000000000  -0.8089000000000
H24    -3.9623000000000   4.4826000000000  -0.0014000000000
H25    -5.6273000000000   2.6395000000000  -0.0005000000000
H26    -4.8760000000000   0.2727000000000   0.0004000000000
H27    -2.4667000000000  -0.2794000000000   0.0006000000000
H28     0.7138000000000   4.6943000000000  -0.0016000000000
H29     2.0577000000000   0.5012000000000   0.8796000000000
H30     2.0569000000000   0.4973000000000  -0.8803000000000
H31     2.0617000000000  -1.6196000000000   2.1649000000000
H32     2.6841000000000  -4.0194000000000   2.1656000000000
H33     2.6867000000000  -4.0284000000000  -2.1457000000000
H34     2.0642000000000  -1.6286000000000  -2.1560000000000
&
