MAEFILE: SM05_micro010.mae
&gen
molchg=1
&
entry_name: SM05_micro010
&zmat
C1     -0.2701000000000  -3.2888000000000   1.1737000000000
C2      0.6856000000000  -4.4939000000000   1.1601000000000
C3      0.5083000000000  -5.3205000000000  -0.1219000000000
C4      0.6641000000000  -4.4228000000000  -1.3581000000000
C5     -0.2908000000000  -3.2192000000000  -1.2875000000000
N6     -0.0765000000000  -2.4515000000000  -0.0358000000000
C7     -0.8204000000000  -1.1345000000000   0.0085000000000
C8     -2.2311000000000  -1.1356000000000  -0.0021000000000
C9     -2.9252000000000   0.0879000000000   0.0327000000000
C10    -2.2112000000000   1.3004000000000   0.0840000000000
C11    -0.8021000000000   1.2966000000000   0.0960000000000
C12    -0.0882000000000   0.0749000000000   0.0461000000000
N13     1.3331000000000   0.0219000000000   0.0847000000000
C14     2.2075000000000   0.9039000000000  -0.4330000000000
O15     1.8897000000000   1.9123000000000  -1.0624000000000
C16     3.6301000000000   0.5654000000000  -0.2380000000000
C17     4.2320000000000  -0.4465000000000   0.4701000000000
C18     5.6372000000000  -0.2821000000000   0.3148000000000
C19     5.7724000000000   0.8207000000000  -0.4742000000000
O20     4.5770000000000   1.3583000000000  -0.8233000000000
Cl21    7.2709000000000   1.4840000000000  -0.9888000000000
H22     0.9104000000000  -2.2398000000000  -0.0408000000000
H23    -1.3046000000000  -3.6315000000000   1.2252000000000
H24    -0.0901000000000  -2.6853000000000   2.0643000000000
H25     0.5097000000000  -5.1202000000000   2.0353000000000
H26     1.7165000000000  -4.1447000000000   1.2314000000000
H27    -0.4787000000000  -5.7851000000000  -0.1267000000000
H28     1.2355000000000  -6.1324000000000  -0.1511000000000
H29     0.4729000000000  -4.9987000000000  -2.2642000000000
H30     1.6939000000000  -4.0696000000000  -1.4272000000000
H31    -1.3260000000000  -3.5596000000000  -1.3418000000000
H32    -0.1252000000000  -2.5658000000000  -2.1452000000000
H33    -2.7832000000000  -2.0634000000000  -0.0371000000000
H34    -4.0053000000000   0.0973000000000   0.0248000000000
H35    -2.7459000000000   2.2382000000000   0.1201000000000
H36    -0.2850000000000   2.2424000000000   0.1579000000000
H37     1.7355000000000  -0.8109000000000   0.4886000000000
H38     3.7242000000000  -1.2148000000000   1.0345000000000
H39     6.4346000000000  -0.8850000000000   0.7238000000000
&
