MAEFILE: SM05_micro002.mae
&gen
molchg=-1
&
entry_name: SM05_micro002
&zmat
C1     -0.5565000000000   3.1060000000000  -1.3401000000000
C2      0.5766000000000   4.1046000000000  -1.6318000000000
C3      0.9365000000000   4.9115000000000  -0.3727000000000
C4      1.2631000000000   3.9649000000000   0.7950000000000
C5      0.1190000000000   2.9641000000000   1.0316000000000
N6     -0.2049000000000   2.2580000000000  -0.2047000000000
C7     -0.9331000000000   1.0644000000000  -0.0270000000000
C8     -2.3274000000000   1.0436000000000  -0.2708000000000
C9     -3.0730000000000  -0.1337000000000  -0.0876000000000
C10    -2.4308000000000  -1.3048000000000   0.3441000000000
C11    -1.0459000000000  -1.2942000000000   0.5870000000000
C12    -0.2729000000000  -0.1247000000000   0.4029000000000
N13     1.0514000000000  -0.1769000000000   0.6388000000000
C14     1.9189000000000  -0.3973000000000  -0.3814000000000
O15     1.6615000000000  -0.6371000000000  -1.5625000000000
C16     3.3335000000000  -0.3385000000000   0.0479000000000
C17     3.9181000000000   0.0536000000000   1.2293000000000
C18     5.3252000000000  -0.0783000000000   1.0638000000000
C19     5.4822000000000  -0.5341000000000  -0.2100000000000
O20     4.2988000000000  -0.6985000000000  -0.8516000000000
Cl21    6.9936000000000  -0.8693000000000  -0.9547000000000
H22    -1.4754000000000   3.6497000000000  -1.1184000000000
H23    -0.7458000000000   2.4895000000000  -2.2198000000000
H24     0.2851000000000   4.7764000000000  -2.4394000000000
H25     1.4566000000000   3.5623000000000  -1.9805000000000
H26     0.0998000000000   5.5553000000000  -0.0987000000000
H27     1.7836000000000   5.5675000000000  -0.5743000000000
H28     1.4517000000000   4.5381000000000   1.7028000000000
H29     2.1813000000000   3.4182000000000   0.5756000000000
H30    -0.7714000000000   3.4883000000000   1.3809000000000
H31     0.3994000000000   2.2609000000000   1.8164000000000
H32    -2.8449000000000   1.9353000000000  -0.5905000000000
H33    -4.1364000000000  -0.1359000000000  -0.2743000000000
H34    -2.9980000000000  -2.2122000000000   0.4886000000000
H35    -0.5687000000000  -2.2065000000000   0.9156000000000
H36     3.3940000000000   0.3966000000000   2.1093000000000
H37     6.1089000000000   0.1345000000000   1.7755000000000
&
