MAEFILE: SM05_micro009.mae
&gen
molchg=1
&
entry_name: SM05_micro009
&zmat
C1     -0.0994000000000   2.9421000000000  -1.2475000000000
C2      1.0451000000000   3.9694000000000  -1.2790000000000
C3      1.0225000000000   4.8558000000000  -0.0227000000000
C4      1.0335000000000   3.9847000000000   1.2445000000000
C5     -0.1111000000000   2.9575000000000   1.2148000000000
N6     -0.0573000000000   2.1667000000000  -0.0113000000000
C7     -0.9113000000000   1.0510000000000  -0.0083000000000
C8     -2.3137000000000   1.2284000000000  -0.0162000000000
C9     -3.1731000000000   0.1157000000000  -0.0127000000000
C10    -2.6362000000000  -1.1831000000000  -0.0005000000000
C11    -1.2415000000000  -1.3726000000000   0.0074000000000
C12    -0.3643000000000  -0.2585000000000   0.0025000000000
N13     1.0582000000000  -0.3694000000000   0.0091000000000
C14     1.8610000000000  -1.4494000000000  -0.0006000000000
O15     1.4835000000000  -2.6197000000000  -0.0113000000000
C16     3.3037000000000  -1.1396000000000   0.0028000000000
C17     4.3962000000000  -1.9707000000000   0.0025000000000
C18     5.5508000000000  -1.1378000000000   0.0052000000000
C19     5.0623000000000   0.1342000000000   0.0070000000000
O20     3.7068000000000   0.1680000000000   0.0059000000000
Cl21    6.0216000000000   1.5588000000000   0.0100000000000
H22     2.2882000000000  -3.2333000000000   0.0002000000000
H23    -1.0594000000000   3.4544000000000  -1.3246000000000
H24    -0.0221000000000   2.2742000000000  -2.1065000000000
H25     0.9705000000000   4.5856000000000  -2.1752000000000
H26     2.0014000000000   3.4477000000000  -1.3393000000000
H27     0.1287000000000   5.4807000000000  -0.0305000000000
H28     1.8770000000000   5.5331000000000  -0.0228000000000
H29     0.9509000000000   4.6118000000000   2.1325000000000
H30     1.9891000000000   3.4636000000000   1.3198000000000
H31    -1.0716000000000   3.4709000000000   1.2761000000000
H32    -0.0425000000000   2.3004000000000   2.0828000000000
H33    -2.7380000000000   2.2219000000000  -0.0250000000000
H34    -4.2437000000000   0.2589000000000  -0.0189000000000
H35    -3.2967000000000  -2.0378000000000   0.0030000000000
H36    -0.8832000000000  -2.3883000000000   0.0179000000000
H37     1.5397000000000   0.5192000000000   0.0159000000000
H38     4.3714000000000  -3.0506000000000   0.0002000000000
H39     6.5908000000000  -1.4295000000000   0.0055000000000
&
