MAEFILE: SM06_micro002.mae
&gen
molchg=2
&
entry_name: SM06_micro002
&zmat
C1     -2.8424000000000  -2.4580000000000  -0.1242000000000
C2     -2.1126000000000  -3.6537000000000  -0.2747000000000
C3     -0.7060000000000  -3.5964000000000  -0.3062000000000
N4     -0.0775000000000  -2.4057000000000  -0.1915000000000
C5     -0.7283000000000  -1.2256000000000  -0.0427000000000
C6     -2.1482000000000  -1.2343000000000  -0.0066000000000
C7     -0.0173000000000  -0.0042000000000   0.0668000000000
C8     -0.7466000000000   1.1987000000000   0.2369000000000
C9     -2.1540000000000   1.1862000000000   0.2709000000000
C10    -2.8560000000000  -0.0263000000000   0.1461000000000
N11     1.4082000000000  -0.0222000000000   0.0546000000000
C12     2.2390000000000   0.9368000000000  -0.3986000000000
O13     1.8716000000000   1.9589000000000  -0.9775000000000
C14     3.7033000000000   0.6403000000000  -0.2486000000000
C15     4.6296000000000   1.1209000000000  -1.2043000000000
C16     6.0050000000000   0.8608000000000  -1.0332000000000
Br17    7.2691000000000   1.4881000000000  -2.3089000000000
C18     6.4329000000000   0.1335000000000   0.0952000000000
N19     5.5251000000000  -0.3010000000000   0.9959000000000
C20     4.1985000000000  -0.0748000000000   0.8683000000000
H21     0.9412000000000  -2.3955000000000  -0.2245000000000
H22     5.8568000000000  -0.8178000000000   1.8111000000000
H23    -3.9224000000000  -2.4841000000000  -0.0998000000000
H24    -2.6247000000000  -4.6007000000000  -0.3662000000000
H25    -0.0688000000000  -4.4614000000000  -0.4202000000000
H26    -0.2415000000000   2.1456000000000   0.3569000000000
H27    -2.6969000000000   2.1115000000000   0.3987000000000
H28    -3.9364000000000  -0.0233000000000   0.1745000000000
H29     1.8404000000000  -0.8765000000000   0.3741000000000
H30     4.2953000000000   1.6830000000000  -2.0648000000000
H31     7.4650000000000  -0.1068000000000   0.3052000000000
H32     3.5832000000000  -0.4650000000000   1.6662000000000
&
