MAEFILE: SM07_micro011.mae
&gen
molchg=1
&
entry_name: SM07_micro011
&zmat
C1     -0.7492000000000   2.1206000000000  -1.2200000000000
C2     -1.1279000000000   3.4773000000000  -1.2195000000000
C3     -1.3178000000000   4.1555000000000   0.0000000000000
C4     -1.1279000000000   3.4773000000000   1.2195000000000
C5     -0.7492000000000   2.1206000000000   1.2200000000000
C6     -0.5588000000000   1.4377000000000   0.0000000000000
C7     -0.1447000000000  -0.0199000000000   0.0000000000000
N8      1.3293000000000  -0.1356000000000   0.0000000000000
C9      1.9366000000000  -1.5256000000000   0.0000000000000
N10     1.0663000000000  -2.5593000000000   0.0000000000000
C11     1.6068000000000  -3.7798000000000   0.0000000000000
N12     2.9091000000000  -4.0770000000000   0.0000000000000
C13     3.7957000000000  -3.0541000000000   0.0000000000000
C14     3.3394000000000  -1.7063000000000   0.0000000000000
C15     5.1854000000000  -3.2939000000000   0.0000000000000
C16     6.1031000000000  -2.2255000000000   0.0000000000000
C17     5.6399000000000  -0.8966000000000   0.0000000000000
C18     4.2577000000000  -0.6331000000000   0.0000000000000
H19     1.6558000000000   0.3683000000000  -0.8118000000000
H20     1.6558000000000   0.3683000000000   0.8118000000000
H21    -0.6056000000000   1.6074000000000  -2.1598000000000
H22    -1.2743000000000   3.9982000000000  -2.1544000000000
H23    -1.6103000000000   5.1954000000000   0.0000000000000
H24    -1.2743000000000   3.9982000000000   2.1544000000000
H25    -0.6056000000000   1.6074000000000   2.1598000000000
H26    -0.5578000000000  -0.5156000000000  -0.8798000000000
H27    -0.5578000000000  -0.5156000000000   0.8798000000000
H28     0.9198000000000  -4.6131000000000   0.0000000000000
H29     5.5545000000000  -4.3094000000000   0.0000000000000
H30     7.1644000000000  -2.4262000000000   0.0000000000000
H31     6.3465000000000  -0.0792000000000   0.0000000000000
H32     3.9200000000000   0.3924000000000   0.0000000000000
&
