MAEFILE: SM07_micro002.mae
&gen
&
entry_name: SM07_micro002
&zmat
C1     -0.7089000000000   1.2200000000000   0.0367000000000
C2     -2.1104000000000   1.2195000000000   0.1785000000000
C3     -2.8114000000000   0.0000000000000   0.2487000000000
C4     -2.1103000000000  -1.2195000000000   0.1784000000000
C5     -0.7088000000000  -1.2198000000000   0.0366000000000
C6     -0.0037000000000   0.0001000000000  -0.0359000000000
C7      1.5053000000000   0.0001000000000  -0.1857000000000
N8      2.1307000000000  -0.0002000000000   1.1215000000000
C9      3.4021000000000  -0.0003000000000   1.2186000000000
N10     4.2906000000000  -0.0001000000000   0.0679000000000
C11     5.5731000000000  -0.0001000000000   0.2703000000000
N12     6.1563000000000  -0.0003000000000   1.5286000000000
C13     5.4123000000000  -0.0006000000000   2.7103000000000
C14     3.9995000000000  -0.0006000000000   2.5992000000000
C15     6.0412000000000  -0.0008000000000   3.9707000000000
C16     5.2579000000000  -0.0011000000000   5.1402000000000
C17     3.8529000000000  -0.0011000000000   5.0461000000000
C18     3.2254000000000  -0.0009000000000   3.7845000000000
H19     7.1595000000000  -0.0003000000000   1.6447000000000
H20    -0.1763000000000   2.1585000000000  -0.0143000000000
H21    -2.6477000000000   2.1548000000000   0.2339000000000
H22    -3.8861000000000  -0.0001000000000   0.3568000000000
H23    -2.6475000000000  -2.1549000000000   0.2339000000000
H24    -0.1761000000000  -2.1583000000000  -0.0144000000000
H25     1.8033000000000   0.8790000000000  -0.7615000000000
H26     1.8033000000000  -0.8784000000000  -0.7620000000000
H27     6.2838000000000   0.0001000000000  -0.5576000000000
H28     7.1189000000000  -0.0007000000000   4.0448000000000
H29     5.7343000000000  -0.0012000000000   6.1096000000000
H30     3.2533000000000  -0.0014000000000   5.9444000000000
H31     2.1460000000000  -0.0010000000000   3.7408000000000
&
