MAEFILE: SM08_micro009.mae
&gen
molchg=-1
&
entry_name: SM08_micro009
&zmat
C1     -4.2400000000000   0.0536000000000  -0.0673000000000
C2     -4.9513000000000   1.2680000000000  -0.0668000000000
C3     -4.2559000000000   2.4936000000000  -0.0339000000000
C4     -5.0293000000000   3.7962000000000  -0.0279000000000
C5     -2.8451000000000   2.5010000000000  -0.0054000000000
C6     -2.1230000000000   1.2850000000000  -0.0078000000000
C7     -2.8321000000000   0.0695000000000  -0.0358000000000
C8     -0.6466000000000   1.2204000000000   0.0170000000000
C9     -0.0102000000000   0.0139000000000   0.0262000000000
C10    -0.7700000000000  -1.2515000000000   0.0249000000000
O11    -0.2511000000000  -2.3656000000000   0.0792000000000
N12    -2.1129000000000  -1.1431000000000  -0.0256000000000
C13     1.5181000000000  -0.1075000000000   0.0500000000000
C14     2.1718000000000  -0.0744000000000   1.4337000000000
O15     1.5367000000000  -0.1018000000000   2.4861000000000
O16     3.5311000000000  -0.0266000000000   1.3378000000000
C17     0.1249000000000   2.4751000000000   0.0235000000000
C18     0.4619000000000   3.0888000000000   1.2478000000000
C19     1.1758000000000   4.3028000000000   1.2496000000000
C20     1.5424000000000   4.9074000000000   0.0309000000000
C21     1.1913000000000   4.3016000000000  -1.1916000000000
C22     0.4778000000000   3.0873000000000  -1.1972000000000
H23     0.4553000000000  -2.3727000000000   0.8041000000000
H25    -4.7769000000000  -0.8834000000000  -0.0894000000000
H26    -6.0314000000000   1.2572000000000  -0.0897000000000
H27    -4.3613000000000   4.6577000000000  -0.0112000000000
H28    -5.6551000000000   3.8684000000000  -0.9178000000000
H29    -5.6735000000000   3.8482000000000   0.8502000000000
H30    -2.3249000000000   3.4473000000000   0.0191000000000
H31     1.9560000000000   0.6939000000000  -0.5454000000000
H32     1.8352000000000  -1.0194000000000  -0.4578000000000
H34     0.1779000000000   2.6302000000000   2.1839000000000
H35     1.4400000000000   4.7725000000000   2.1857000000000
H36     2.0891000000000   5.8390000000000   0.0336000000000
H37     1.4673000000000   4.7698000000000  -2.1249000000000
H38     0.2051000000000   2.6279000000000  -2.1363000000000
&
