MAEFILE: SM09_micro015.mae
&gen
molchg=3
&
entry_name: SM09_micro015
&zmat
C1      1.0590000000000  -1.1311000000000   1.1726000000000
O2      0.7254000000000  -0.7720000000000  -0.1607000000000
C3      1.4726000000000   0.2083000000000  -0.7771000000000
C4      1.1120000000000   0.5547000000000  -2.0974000000000
C5      1.8186000000000   1.5461000000000  -2.8080000000000
C6      2.9045000000000   2.2066000000000  -2.2046000000000
C7      3.2678000000000   1.8605000000000  -0.8907000000000
C8      2.5656000000000   0.8759000000000  -0.1688000000000
N9      4.4353000000000   2.5597000000000  -0.2475000000000
C10     5.7125000000000   1.7619000000000  -0.3293000000000
N11     6.3766000000000   1.8163000000000  -1.5071000000000
C12     7.5319000000000   1.1362000000000  -1.6890000000000
N13     8.0443000000000   0.3867000000000  -0.6839000000000
C14     7.4379000000000   0.2884000000000   0.5250000000000
C15     6.2240000000000   0.9948000000000   0.7448000000000
C16     7.9991000000000  -0.4983000000000   1.5500000000000
C17     7.3518000000000  -0.5807000000000   2.7984000000000
C18     6.1506000000000   0.1213000000000   3.0230000000000
C19     5.5854000000000   0.9098000000000   2.0010000000000
H20     4.5665000000000   3.4614000000000  -0.6843000000000
H21     4.2166000000000   2.7431000000000   0.7220000000000
H22     6.0003000000000   2.3770000000000  -2.2720000000000
H23     8.9166000000000  -0.1197000000000  -0.8402000000000
H24     0.3798000000000  -1.9117000000000   1.5151000000000
H25     2.0737000000000  -1.5262000000000   1.2380000000000
H26     0.9564000000000  -0.2839000000000   1.8518000000000
H27     0.2798000000000   0.0545000000000  -2.5715000000000
H28     1.5244000000000   1.7988000000000  -3.8163000000000
H29     3.4460000000000   2.9677000000000  -2.7475000000000
H30     2.8750000000000   0.6451000000000   0.8387000000000
H31     8.0467000000000   1.1905000000000  -2.6370000000000
H32     8.9210000000000  -1.0383000000000   1.3875000000000
H33     7.7782000000000  -1.1825000000000   3.5880000000000
H34     5.6621000000000   0.0554000000000   3.9846000000000
H35     4.6663000000000   1.4428000000000   2.1956000000000
&
