MAEFILE: SM10_micro026.mae
&gen
molchg=1
&
entry_name: SM10_micro026
&zmat
C1     -3.1615000000000   1.5817000000000   0.4540000000000
C2     -4.5388000000000   1.2937000000000   0.5109000000000
C3     -5.0206000000000   0.0575000000000   0.0418000000000
C4     -4.1240000000000  -0.8889000000000  -0.4888000000000
C5     -2.7460000000000  -0.6016000000000  -0.5475000000000
C6     -2.2507000000000   0.6341000000000  -0.0660000000000
C7     -0.7859000000000   0.9645000000000  -0.1355000000000
O8     -0.4102000000000   2.1323000000000  -0.2488000000000
N9      0.0465000000000  -0.0836000000000  -0.0077000000000
C10     1.4386000000000   0.0083000000000   0.0060000000000
C11     2.2570000000000  -1.0580000000000   0.0391000000000
O12     3.5892000000000  -0.9339000000000   0.0613000000000
N13     1.7746000000000  -2.3706000000000   0.0540000000000
C14     2.5496000000000  -3.5964000000000   0.0418000000000
N15     1.8253000000000  -4.7506000000000   0.0318000000000
S16     4.3111000000000  -3.8055000000000   0.0355000000000
C17     4.0429000000000  -5.5630000000000   0.0180000000000
C18     2.6296000000000  -5.8011000000000   0.0184000000000
C19     4.9761000000000  -6.6155000000000   0.0050000000000
C20     4.5195000000000  -7.9458000000000  -0.0091000000000
C21     3.1371000000000  -8.2118000000000  -0.0101000000000
C22     2.2071000000000  -7.1522000000000   0.0036000000000
H23     0.8196000000000  -4.8641000000000   0.0322000000000
H24    -2.8098000000000   2.5364000000000   0.8181000000000
H25    -5.2259000000000   2.0230000000000   0.9143000000000
H26    -6.0771000000000  -0.1628000000000   0.0855000000000
H27    -4.4942000000000  -1.8356000000000  -0.8541000000000
H28    -2.0786000000000  -1.3393000000000  -0.9689000000000
H29    -0.3550000000000  -1.0039000000000   0.0931000000000
H30     1.8240000000000   1.0189000000000  -0.0044000000000
H31     3.7895000000000  -0.0099000000000   0.0492000000000
H32     0.7784000000000  -2.5331000000000   0.0606000000000
H33     6.0353000000000  -6.4037000000000   0.0056000000000
H34     5.2277000000000  -8.7617000000000  -0.0195000000000
H35     2.7870000000000  -9.2338000000000  -0.0215000000000
H36     1.1515000000000  -7.3823000000000   0.0024000000000
&
