MAEFILE: SM10_micro017.mae
&gen
molchg=-1
&
entry_name: SM10_micro017
&zmat
C1     -3.2186000000000   1.7885000000000   0.4486000000000
C2     -4.6072000000000   1.5581000000000   0.4982000000000
C3     -5.1377000000000   0.3423000000000   0.0278000000000
C4     -4.2786000000000  -0.6417000000000  -0.4965000000000
C5     -2.8896000000000  -0.4124000000000  -0.5471000000000
C6     -2.3456000000000   0.8020000000000  -0.0639000000000
C7     -0.8669000000000   1.0679000000000  -0.1231000000000
O8     -0.4400000000000   2.2188000000000  -0.2311000000000
N9     -0.0854000000000  -0.0178000000000   0.0065000000000
C10     1.3118000000000  -0.0044000000000   0.0203000000000
C11     2.1083000000000  -1.1367000000000   0.0583000000000
O12     3.3521000000000  -1.2722000000000   0.0826000000000
N13     1.3644000000000  -2.3294000000000   0.0709000000000
C14     1.7879000000000  -3.6655000000000   0.0528000000000
N15     3.0532000000000  -4.1128000000000   0.0455000000000
S16     0.5326000000000  -4.9107000000000   0.0352000000000
C17     1.7962000000000  -6.1360000000000   0.0156000000000
C18     3.0741000000000  -5.5039000000000   0.0254000000000
C19     1.6676000000000  -7.5373000000000  -0.0064000000000
C20     2.8216000000000  -8.3421000000000  -0.0180000000000
C21     4.0948000000000  -7.7415000000000  -0.0073000000000
C22     4.2169000000000  -6.3377000000000   0.0139000000000
H23    -2.8286000000000   2.7278000000000   0.8135000000000
H24    -5.2654000000000   2.3155000000000   0.8978000000000
H25    -6.2025000000000   0.1658000000000   0.0668000000000
H26    -4.6850000000000  -1.5731000000000  -0.8621000000000
H27    -2.2501000000000  -1.1784000000000  -0.9617000000000
H28    -0.5265000000000  -0.9205000000000   0.1029000000000
H29     1.7462000000000   0.9855000000000   0.0058000000000
H30     0.3570000000000  -2.2814000000000   0.0710000000000
H31     0.6878000000000  -7.9914000000000  -0.0145000000000
H32     2.7309000000000  -9.4183000000000  -0.0351000000000
H33     4.9812000000000  -8.3585000000000  -0.0159000000000
H34     5.1991000000000  -5.8889000000000   0.0215000000000
&
