MAEFILE: SM10_micro038.mae
&gen
molchg=2
&
entry_name: SM10_micro038
&zmat
C1     -2.2232000000000   0.4670000000000  -0.5669000000000
C2     -3.5377000000000   0.4245000000000  -1.0710000000000
C3     -4.4245000000000   1.4885000000000  -0.8211000000000
C4     -3.9945000000000   2.5983000000000  -0.0700000000000
C5     -2.6804000000000   2.6426000000000   0.4346000000000
C6     -1.7859000000000   1.5738000000000   0.1991000000000
C7     -0.3815000000000   1.6424000000000   0.7280000000000
O8      0.1730000000000   2.7174000000000   0.9522000000000
N9      0.2347000000000   0.4367000000000   1.0360000000000
C10     1.3406000000000   0.0621000000000   0.1238000000000
C11     1.9500000000000  -1.2981000000000   0.4737000000000
O12     1.3843000000000  -2.0373000000000   1.2796000000000
N13     3.0985000000000  -1.5982000000000  -0.1602000000000
C14     3.8799000000000  -2.7758000000000  -0.0366000000000
N15     5.0220000000000  -2.8441000000000  -0.7766000000000
S16     3.5383000000000  -4.1862000000000   0.9804000000000
C17     5.0395000000000  -4.9137000000000   0.3631000000000
C18     5.6404000000000  -3.9933000000000  -0.5577000000000
C19     5.6229000000000  -6.1592000000000   0.6586000000000
C20     6.8316000000000  -6.5224000000000   0.0378000000000
C21     7.4458000000000  -5.6396000000000  -0.8707000000000
C22     6.8562000000000  -4.3928000000000  -1.1628000000000
H23     0.6002000000000   0.4931000000000   1.9757000000000
H24    -0.4610000000000  -0.2950000000000   1.0106000000000
H25     5.4052000000000  -2.1606000000000  -1.4176000000000
H26    -1.5601000000000  -0.3582000000000  -0.7810000000000
H27    -3.8661000000000  -0.4241000000000  -1.6533000000000
H28    -5.4324000000000   1.4553000000000  -1.2083000000000
H29    -4.6730000000000   3.4173000000000   0.1182000000000
H30    -2.3680000000000   3.5043000000000   1.0072000000000
H31     2.1228000000000   0.8227000000000   0.1638000000000
H32     0.9766000000000   0.0218000000000  -0.9045000000000
H33     3.4553000000000  -0.9038000000000  -0.8007000000000
H34     5.1471000000000  -6.8321000000000   1.3570000000000
H35     7.2876000000000  -7.4767000000000   0.2577000000000
H36     8.3742000000000  -5.9194000000000  -1.3471000000000
H37     7.3468000000000  -3.7329000000000  -1.8636000000000
&
