MAEFILE: SM10_micro021.mae
&gen
molchg=-1
&
entry_name: SM10_micro021
&zmat
C1     -3.0045000000000  -0.0737000000000   0.0002000000000
C2     -4.4131000000000  -0.0763000000000   0.0002000000000
C3     -5.1223000000000   1.1379000000000   0.0002000000000
C4     -4.4199000000000   2.3560000000000   0.0002000000000
C5     -3.0115000000000   2.3593000000000   0.0002000000000
C6     -2.2778000000000   1.1472000000000   0.0002000000000
C7     -0.7628000000000   1.1927000000000   0.0001000000000
O8     -0.2074000000000   2.2938000000000  -0.0002000000000
N9     -0.1685000000000  -0.0287000000000   0.0004000000000
C10     1.1804000000000  -0.1698000000000   0.0001000000000
C11     2.0155000000000  -1.2725000000000  -0.0001000000000
O12     3.2618000000000  -1.3791000000000  -0.0003000000000
N13     1.2909000000000  -2.4741000000000   0.0000000000000
C14     1.8004000000000  -3.8322000000000  -0.0001000000000
N15     0.8543000000000  -4.8119000000000  -0.0001000000000
S16     3.4815000000000  -4.3990000000000  -0.0001000000000
C17     2.8561000000000  -6.0636000000000  -0.0002000000000
C18     1.4241000000000  -6.0054000000000  -0.0001000000000
C19     3.5523000000000  -7.2860000000000  -0.0002000000000
C20     2.8313000000000  -8.4935000000000  -0.0002000000000
C21     1.4237000000000  -8.4689000000000  -0.0002000000000
C22     0.7321000000000  -7.2404000000000  -0.0001000000000
H23    -0.1520000000000  -4.7071000000000   0.0000000000000
H24    -2.5012000000000  -1.0292000000000   0.0001000000000
H25    -4.9491000000000  -1.0137000000000   0.0002000000000
H26    -6.2023000000000   1.1348000000000   0.0002000000000
H27    -4.9610000000000   3.2907000000000   0.0003000000000
H28    -2.5009000000000   3.3111000000000   0.0002000000000
H29     1.7460000000000   0.7885000000000   0.0001000000000
H30     0.2821000000000  -2.4254000000000   0.0001000000000
H31     4.6322000000000  -7.2953000000000  -0.0002000000000
H32     3.3561000000000  -9.4376000000000  -0.0002000000000
H33     0.8707000000000  -9.3968000000000  -0.0002000000000
H34    -0.3482000000000  -7.2445000000000  -0.0001000000000
&
