MAEFILE: SM10_micro032.mae
&gen
molchg=1
&
entry_name: SM10_micro032
&zmat
C1     -2.0956000000000   4.0394000000000  -1.6191000000000
C2     -2.6295000000000   5.3290000000000  -1.4297000000000
C3     -2.3745000000000   6.0294000000000  -0.2358000000000
C4     -1.5825000000000   5.4406000000000   0.7677000000000
C5     -1.0480000000000   4.1508000000000   0.5797000000000
C6     -1.3092000000000   3.4344000000000  -0.6126000000000
C7     -0.7286000000000   2.0674000000000  -0.8376000000000
O8     -0.4518000000000   1.6745000000000  -1.9716000000000
N9     -0.5862000000000   1.3059000000000   0.2609000000000
C10    -0.0798000000000  -0.0629000000000   0.2769000000000
C11     1.4185000000000  -0.1046000000000   0.2700000000000
O12     1.9798000000000  -0.2507000000000   1.5200000000000
N13     2.1340000000000  -0.0033000000000  -0.8048000000000
C14     3.5627000000000   0.0037000000000  -1.0348000000000
N15     4.4431000000000  -0.1036000000000  -0.0302000000000
S16     4.2246000000000   0.1614000000000  -2.6624000000000
C17     5.8378000000000   0.0774000000000  -1.9570000000000
C18     5.7388000000000  -0.0623000000000  -0.5392000000000
C19     7.0861000000000   0.1317000000000  -2.6046000000000
C20     8.2680000000000   0.0484000000000  -1.8462000000000
C21     8.1959000000000  -0.0884000000000  -0.4471000000000
C22     6.9438000000000  -0.1431000000000   0.1970000000000
H23     1.5937000000000   0.1067000000000  -1.6576000000000
H24    -2.2994000000000   3.5173000000000  -2.5430000000000
H25    -3.2336000000000   5.7819000000000  -2.2021000000000
H26    -2.7829000000000   7.0190000000000  -0.0916000000000
H27    -1.3818000000000   5.9804000000000   1.6815000000000
H28    -0.4340000000000   3.7240000000000   1.3595000000000
H29    -0.8590000000000   1.7033000000000   1.1485000000000
H30    -0.4645000000000  -0.6243000000000  -0.5764000000000
H31    -0.4599000000000  -0.5629000000000   1.1687000000000
H32     1.2555000000000  -0.3017000000000   2.1249000000000
H33     7.1368000000000   0.2373000000000  -3.6782000000000
H34     9.2297000000000   0.0896000000000  -2.3365000000000
H35     9.1036000000000  -0.1518000000000   0.1349000000000
H36     6.9049000000000  -0.2481000000000   1.2713000000000
&
