MAEFILE: SM13_micro014.mae
&gen
molchg=2
&
entry_name: SM13_micro014
&zmat
C1     -3.0513000000000   4.1771000000000   0.0277000000000
C2     -2.3939000000000   2.9615000000000  -0.5933000000000
C3     -2.7151000000000   2.5895000000000  -1.9165000000000
C4     -2.1129000000000   1.4590000000000  -2.5055000000000
C5     -1.1817000000000   0.6943000000000  -1.7765000000000
C6     -0.8605000000000   1.0766000000000  -0.4591000000000
C7     -1.4633000000000   2.1984000000000   0.1425000000000
N8      0.1363000000000   0.2681000000000   0.3305000000000
C9      1.5464000000000   0.3909000000000  -0.1944000000000
N10     1.9413000000000  -0.6107000000000  -1.0163000000000
C11     3.1794000000000  -0.5739000000000  -1.5299000000000
N12     4.0477000000000   0.4114000000000  -1.2663000000000
C13     3.7000000000000   1.4273000000000  -0.4454000000000
C14     2.4119000000000   1.4575000000000   0.1397000000000
C15     4.5999000000000   2.4703000000000  -0.1532000000000
C16     4.2382000000000   3.5372000000000   0.7075000000000
O17     5.0806000000000   4.5836000000000   1.0222000000000
C18     6.3800000000000   4.6026000000000   0.4489000000000
C19     2.9507000000000   3.5559000000000   1.2898000000000
C20     2.0428000000000   2.5070000000000   1.0056000000000
O21     2.6519000000000   4.6183000000000   2.1178000000000
C22     1.3499000000000   4.6940000000000   2.6813000000000
H23     0.1133000000000   0.5639000000000   1.2961000000000
H24    -0.1433000000000  -0.7023000000000   0.3236000000000
H25     1.3065000000000  -1.3774000000000  -1.2410000000000
H26    -2.8188000000000   5.0708000000000  -0.5524000000000
H27    -4.1344000000000   4.0534000000000   0.0462000000000
H28    -2.7098000000000   4.3375000000000   1.0508000000000
H29    -3.4285000000000   3.1706000000000  -2.4832000000000
H30    -2.3671000000000   1.1798000000000  -3.5177000000000
H31    -0.7228000000000  -0.1721000000000  -2.2293000000000
H32    -1.2174000000000   2.4732000000000   1.1577000000000
H33     3.4603000000000  -1.3871000000000  -2.1831000000000
H34     5.5782000000000   2.4308000000000  -0.6084000000000
H35     6.9122000000000   5.4883000000000   0.7952000000000
H36     6.9621000000000   3.7306000000000   0.7501000000000
H37     6.3349000000000   4.6504000000000  -0.6400000000000
H38     1.0617000000000   2.4982000000000   1.4502000000000
H39     1.2714000000000   5.5996000000000   3.2827000000000
H40     0.5813000000000   4.7449000000000   1.9086000000000
H41     1.1485000000000   3.8457000000000   3.3370000000000
&
