MAEFILE: SM18_micro058.mae
&gen
molchg=1
&
entry_name: SM18_micro058
&zmat
C1     -1.0976000000000   2.0971000000000   4.7073000000000
C2     -1.7199000000000   3.0980000000000   5.4780000000000
C3     -3.0585000000000   3.4541000000000   5.2262000000000
C4     -3.7796000000000   2.8098000000000   4.2027000000000
C5     -3.1583000000000   1.8057000000000   3.4287000000000
C6     -1.8078000000000   1.4435000000000   3.6791000000000
C7     -3.8937000000000   1.0937000000000   2.3259000000000
O8     -5.0624000000000   1.3553000000000   2.0466000000000
N9     -3.1764000000000   0.1598000000000   1.6709000000000
C10    -1.8433000000000  -0.1296000000000   1.9868000000000
N11    -1.1571000000000   0.4510000000000   2.9241000000000
C12    -1.2499000000000  -1.1899000000000   1.0714000000000
C13    -0.8810000000000  -0.6851000000000  -0.3449000000000
C14     0.1226000000000   0.4841000000000  -0.3590000000000
O15    -0.3255000000000   1.6280000000000  -0.4218000000000
N16     1.4579000000000   0.2911000000000  -0.3126000000000
C17     2.2361000000000  -0.8896000000000  -0.1687000000000
N18     1.7487000000000  -2.1281000000000  -0.0573000000000
C19     2.7579000000000  -3.0828000000000   0.0856000000000
C20     4.0257000000000  -2.5548000000000   0.0842000000000
S21     3.9903000000000  -0.8196000000000  -0.1019000000000
C22     5.3179000000000  -3.2916000000000   0.2134000000000
C23     5.9834000000000  -3.5065000000000  -1.1325000000000
C24     5.5698000000000  -4.5685000000000  -1.9640000000000
C25     6.1816000000000  -4.7654000000000  -3.2173000000000
C26     7.2093000000000  -3.9019000000000  -3.6436000000000
F27     7.7964000000000  -4.0932000000000  -4.8490000000000
C28     7.6250000000000  -2.8402000000000  -2.8159000000000
F29     8.6125000000000  -2.0082000000000  -3.2238000000000
C30     7.0128000000000  -2.6428000000000  -1.5627000000000
H31    -3.6260000000000  -0.3478000000000   0.9227000000000
H32    -0.8225000000000   1.8443000000000   0.4332000000000
H33    -0.0699000000000   1.8320000000000   4.9094000000000
H34    -1.1692000000000   3.5931000000000   6.2641000000000
H35    -3.5330000000000   4.2220000000000   5.8194000000000
H36    -4.8066000000000   3.0912000000000   4.0198000000000
H37    -1.9649000000000  -2.0084000000000   0.9767000000000
H38    -0.3773000000000  -1.6253000000000   1.5589000000000
H39    -1.7913000000000  -0.3429000000000  -0.8398000000000
H40    -0.5297000000000  -1.5025000000000  -0.9724000000000
H41     2.0066000000000   1.1380000000000  -0.3583000000000
H42     2.4842000000000  -4.1232000000000   0.1818000000000
H43     5.1503000000000  -4.2600000000000   0.6864000000000
H44     5.9928000000000  -2.7452000000000   0.8736000000000
H45     4.7806000000000  -5.2329000000000  -1.6432000000000
H46     5.8615000000000  -5.5787000000000  -3.8518000000000
H47     7.3341000000000  -1.8251000000000  -0.9340000000000
&
