MAEFILE: SM18_micro021.mae
&gen
&
entry_name: SM18_micro021
&zmat
C1     -6.9456000000000  -2.1412000000000  -0.0227000000000
C2     -7.8365000000000  -3.2314000000000  -0.0610000000000
C3     -7.3407000000000  -4.5464000000000  -0.1711000000000
C4     -5.9521000000000  -4.7796000000000  -0.2428000000000
C5     -5.0514000000000  -3.6919000000000  -0.2040000000000
C6     -5.5595000000000  -2.3777000000000  -0.0947000000000
C7     -3.5470000000000  -3.8882000000000  -0.2772000000000
O8     -3.1048000000000  -5.0327000000000  -0.3693000000000
N9     -2.7146000000000  -2.7598000000000  -0.2388000000000
C10    -3.2636000000000  -1.5830000000000  -0.1362000000000
N11    -4.6281000000000  -1.3423000000000  -0.0636000000000
C12    -2.4306000000000  -0.3074000000000  -0.0986000000000
C13    -0.9123000000000  -0.5373000000000   0.0786000000000
C14    -0.0819000000000   0.7656000000000   0.1175000000000
O15    -0.6567000000000   1.8452000000000  -0.0075000000000
N16     1.2581000000000   0.6076000000000   0.2906000000000
C17     1.8457000000000  -0.5921000000000   0.4449000000000
N18     2.0690000000000  -1.1448000000000   1.6414000000000
C19     2.6881000000000  -2.3931000000000   1.5679000000000
C20     2.9599000000000  -2.7987000000000   0.2868000000000
S21     2.4397000000000  -1.6057000000000  -0.8721000000000
C22     3.6180000000000  -4.0660000000000  -0.1476000000000
C23     5.1286000000000  -3.9339000000000  -0.1822000000000
C24     5.8800000000000  -4.0987000000000   1.0004000000000
C25     7.2817000000000  -3.9647000000000   0.9726000000000
C26     7.9375000000000  -3.6673000000000  -0.2378000000000
F27     9.2854000000000  -3.5384000000000  -0.2625000000000
C28     7.1905000000000  -3.5032000000000  -1.4211000000000
F29     7.8193000000000  -3.2171000000000  -2.5860000000000
C30     5.7883000000000  -3.6354000000000  -1.3932000000000
H31    -5.0052000000000  -0.4087000000000   0.0117000000000
H32     0.0008000000000   2.5915000000000   0.1787000000000
H33    -7.3263000000000  -1.1337000000000   0.0610000000000
H34    -8.9014000000000  -3.0598000000000  -0.0065000000000
H35    -8.0277000000000  -5.3792000000000  -0.2010000000000
H36    -5.5905000000000  -5.7941000000000  -0.3275000000000
H37    -2.7993000000000   0.3208000000000   0.7141000000000
H38    -2.6131000000000   0.2416000000000  -1.0237000000000
H39    -0.5476000000000  -1.1566000000000  -0.7427000000000
H40    -0.7465000000000  -1.0921000000000   1.0039000000000
H41     2.9045000000000  -2.9256000000000   2.4822000000000
H42     3.2531000000000  -4.3585000000000  -1.1330000000000
H43     3.3457000000000  -4.8764000000000   0.5296000000000
H44     5.3819000000000  -4.3227000000000   1.9324000000000
H45     7.8531000000000  -4.0880000000000   1.8808000000000
H46     5.2202000000000  -3.5036000000000  -2.3026000000000
&
