MAEFILE: SM18_micro072.mae
&gen
&
entry_name: SM18_micro072
&zmat
C1     -5.8055000000000  -3.9327000000000  -1.9330000000000
C2     -6.5177000000000  -5.1277000000000  -1.7131000000000
C3     -6.3201000000000  -5.8607000000000  -0.5274000000000
C4     -5.4093000000000  -5.4005000000000   0.4426000000000
C5     -4.6945000000000  -4.2026000000000   0.2250000000000
C6     -4.8903000000000  -3.4597000000000  -0.9698000000000
C7     -3.7137000000000  -3.6769000000000   1.2373000000000
O8     -3.4887000000000  -4.2649000000000   2.2938000000000
N9     -3.1074000000000  -2.5225000000000   0.8987000000000
C10    -3.3596000000000  -1.8574000000000  -0.3086000000000
N11    -4.1927000000000  -2.2633000000000  -1.2188000000000
C12    -2.5363000000000  -0.5881000000000  -0.4578000000000
C13    -1.0131000000000  -0.8368000000000  -0.4002000000000
C14    -0.1619000000000   0.4343000000000  -0.6221000000000
O15    -0.7284000000000   1.5032000000000  -0.8417000000000
N16     1.1859000000000   0.2611000000000  -0.5549000000000
C17     1.7666000000000  -0.9221000000000  -0.2876000000000
N18     2.1056000000000  -1.3034000000000   0.9482000000000
C19     2.6930000000000  -2.5684000000000   0.9966000000000
C20     2.8167000000000  -3.1660000000000  -0.2311000000000
S21     2.1972000000000  -2.1360000000000  -1.4940000000000
C22     3.3927000000000  -4.5093000000000  -0.5373000000000
C23     4.7535000000000  -4.4120000000000  -1.2012000000000
C24     5.8900000000000  -4.0728000000000  -0.4369000000000
C25     7.1537000000000  -3.9784000000000  -1.0515000000000
C26     7.2867000000000  -4.2241000000000  -2.4319000000000
F27     8.5029000000000  -4.1344000000000  -3.0208000000000
C28     6.1541000000000  -4.5628000000000  -3.1984000000000
F29     6.2793000000000  -4.7993000000000  -4.5260000000000
C30     4.8898000000000  -4.6559000000000  -2.5843000000000
H31    -2.4379000000000  -2.1295000000000   1.5439000000000
H32    -0.0424000000000   2.2472000000000  -0.8365000000000
H33    -5.9649000000000  -3.3784000000000  -2.8466000000000
H34    -7.2179000000000  -5.4819000000000  -2.4552000000000
H35    -6.8675000000000  -6.7768000000000  -0.3615000000000
H36    -5.2657000000000  -5.9719000000000   1.3482000000000
H37    -2.8324000000000   0.1100000000000   0.3266000000000
H38    -2.7987000000000  -0.1134000000000  -1.4049000000000
H39    -0.7499000000000  -1.5740000000000  -1.1603000000000
H40    -0.7543000000000  -1.2659000000000   0.5690000000000
H41     2.9954000000000  -2.9688000000000   1.9528000000000
H42     2.7081000000000  -5.0661000000000  -1.1780000000000
H43     3.4901000000000  -5.0914000000000   0.3800000000000
H44     5.7938000000000  -3.8811000000000   0.6219000000000
H45     8.0210000000000  -3.7165000000000  -0.4636000000000
H46     4.0254000000000  -4.9131000000000  -3.1789000000000
&
