MAEFILE: SM18_micro033.mae
&gen
molchg=-1
&
entry_name: SM18_micro033
&zmat
C1     -4.7241000000000   0.8604000000000   2.7743000000000
C2     -6.1230000000000   0.8628000000000   2.9361000000000
C3     -6.9578000000000   1.1897000000000   1.8516000000000
C4     -6.3944000000000   1.5144000000000   0.6038000000000
C5     -4.9913000000000   1.5123000000000   0.4425000000000
C6     -4.1384000000000   1.1838000000000   1.5325000000000
C7     -4.3660000000000   1.8288000000000  -0.7886000000000
O8     -5.1057000000000   2.1535000000000  -1.8894000000000
N9     -3.0224000000000   1.8188000000000  -0.9127000000000
C10    -2.3101000000000   1.5063000000000   0.1731000000000
N11    -2.7958000000000   1.1831000000000   1.3750000000000
C12    -0.8031000000000   1.4568000000000   0.0102000000000
C13    -0.3113000000000   0.0625000000000  -0.4138000000000
C14     1.2129000000000   0.0180000000000  -0.5450000000000
O15     1.8872000000000  -0.3574000000000   0.4151000000000
N16     1.6267000000000   0.4280000000000  -1.7678000000000
C17     2.9400000000000   0.4898000000000  -2.0362000000000
N18     3.6302000000000   1.6346000000000  -2.0280000000000
C19     4.9804000000000   1.4696000000000  -2.3394000000000
C20     5.3310000000000   0.1704000000000  -2.6012000000000
S21     3.9550000000000  -0.8901000000000  -2.4609000000000
C22     6.6782000000000  -0.3543000000000  -2.9710000000000
C23     6.8947000000000  -0.3460000000000  -4.4721000000000
C24     7.4580000000000   0.7842000000000  -5.1007000000000
C25     7.6519000000000   0.7939000000000  -6.4958000000000
C26     7.2829000000000  -0.3254000000000  -7.2669000000000
F27     7.4700000000000  -0.3138000000000  -8.6081000000000
C28     6.7190000000000  -1.4552000000000  -6.6425000000000
F29     6.3630000000000  -2.5324000000000  -7.3820000000000
C30     6.5251000000000  -1.4650000000000  -5.2475000000000
H31    -4.0924000000000   0.6070000000000   3.6131000000000
H32    -6.5558000000000   0.6134000000000   3.8937000000000
H33    -8.0308000000000   1.1911000000000   1.9765000000000
H34    -7.0455000000000   1.7626000000000  -0.2215000000000
H35    -4.5657000000000   2.3317000000000  -2.6441000000000
H36    -0.3321000000000   1.7510000000000   0.9497000000000
H37    -0.5001000000000   2.2030000000000  -0.7266000000000
H38    -0.7805000000000  -0.2352000000000  -1.3534000000000
H39    -0.6178000000000  -0.6773000000000   0.3270000000000
H40     5.6238000000000   2.3367000000000  -2.3553000000000
H41     6.7999000000000  -1.3701000000000  -2.5932000000000
H42     7.4542000000000   0.2427000000000  -2.4904000000000
H43     7.7391000000000   1.6473000000000  -4.5151000000000
H44     8.0829000000000   1.6609000000000  -6.9741000000000
H45     6.0879000000000  -2.3321000000000  -4.7741000000000
&
