MAEFILE: SM18_micro048.mae
&gen
molchg=-1
&
entry_name: SM18_micro048
&zmat
C1     -0.2963000000000  -5.7166000000000  -0.1574000000000
C2     -0.4684000000000  -7.1099000000000  -0.0415000000000
C3     -1.6233000000000  -7.6311000000000   0.5766000000000
C4     -2.6120000000000  -6.7633000000000   1.0834000000000
C5     -2.4470000000000  -5.3645000000000   0.9723000000000
C6     -1.2864000000000  -4.8533000000000   0.3489000000000
C7     -3.4792000000000  -4.3862000000000   1.5066000000000
O8     -4.4939000000000  -4.8333000000000   2.0399000000000
N9     -3.2409000000000  -3.0099000000000   1.3756000000000
C10    -2.1448000000000  -2.6215000000000   0.7907000000000
N11    -1.1749000000000  -3.4676000000000   0.2691000000000
C12    -1.8573000000000  -1.1344000000000   0.6272000000000
C13    -0.3809000000000  -0.7888000000000   0.7443000000000
C14     0.1929000000000  -0.1151000000000   1.8070000000000
O15    -0.3211000000000   0.3248000000000   2.8612000000000
N16     1.5654000000000   0.0962000000000   1.6999000000000
C17     2.0503000000000   1.1720000000000   1.1681000000000
N18     1.3074000000000   2.2280000000000   0.6541000000000
C19     2.0491000000000   3.2731000000000   0.1598000000000
C20     3.3721000000000   3.1201000000000   0.2257000000000
S21     3.8184000000000   1.5875000000000   0.9604000000000
C22     4.4302000000000   4.1092000000000  -0.2163000000000
C23     4.5128000000000   4.2571000000000  -1.7234000000000
C24     3.7965000000000   5.2822000000000  -2.3765000000000
C25     3.8693000000000   5.4142000000000  -3.7768000000000
C26     4.6578000000000   4.5219000000000  -4.5289000000000
F27     4.7259000000000   4.6502000000000  -5.8754000000000
C28     5.3739000000000   3.4967000000000  -3.8800000000000
F29     6.1323000000000   2.6373000000000  -4.6013000000000
C30     5.3009000000000   3.3643000000000  -2.4796000000000
H31    -0.3351000000000  -3.1053000000000  -0.1596000000000
H32     0.2982000000000   2.2644000000000   0.6412000000000
H33     0.5892000000000  -5.3171000000000  -0.6297000000000
H34     0.2863000000000  -7.7798000000000  -0.4260000000000
H35    -1.7507000000000  -8.7000000000000   0.6637000000000
H36    -3.4897000000000  -7.1802000000000   1.5557000000000
H37    -2.4237000000000  -0.5741000000000   1.3725000000000
H38    -2.2163000000000  -0.8052000000000  -0.3480000000000
H39     0.2371000000000  -1.1079000000000  -0.0835000000000
H40     1.5092000000000   4.1222000000000  -0.2318000000000
H41     5.4017000000000   3.7979000000000   0.1697000000000
H42     4.2169000000000   5.0783000000000   0.2365000000000
H43     3.1868000000000   5.9674000000000  -1.8057000000000
H44     3.3191000000000   6.1994000000000  -4.2737000000000
H45     5.8494000000000   2.5748000000000  -1.9867000000000
&
