MAEFILE: SM18_micro060.mae
&gen
&
entry_name: SM18_micro060
&zmat
C1     -1.2059000000000   2.1462000000000   4.8361000000000
C2     -1.6929000000000   3.3488000000000   5.3834000000000
C3     -2.8224000000000   3.9739000000000   4.8213000000000
C4     -3.4687000000000   3.3981000000000   3.7105000000000
C5     -2.9845000000000   2.1916000000000   3.1574000000000
C6     -1.8465000000000   1.5624000000000   3.7242000000000
C7     -3.6487000000000   1.5453000000000   1.9647000000000
O8     -4.6289000000000   2.0837000000000   1.4527000000000
N9     -3.0626000000000   0.3829000000000   1.5537000000000
C10    -1.9482000000000  -0.1473000000000   2.1763000000000
N11    -1.3504000000000   0.3658000000000   3.1848000000000
C12    -1.3826000000000  -1.4330000000000   1.5805000000000
C13    -1.0656000000000  -1.3748000000000   0.0641000000000
C14    -0.1726000000000  -0.1926000000000  -0.3576000000000
O15    -0.7139000000000   0.8909000000000  -0.5733000000000
N16     1.1602000000000  -0.3261000000000  -0.5174000000000
C17     2.0216000000000  -1.4166000000000  -0.2274000000000
N18     1.7341000000000  -2.4089000000000   0.6196000000000
C19     2.7844000000000  -3.3223000000000   0.7360000000000
C20     3.8866000000000  -3.0010000000000  -0.0182000000000
S21     3.6385000000000  -1.5186000000000  -0.9062000000000
C22     5.1673000000000  -3.7607000000000  -0.1272000000000
C23     5.1844000000000  -4.6657000000000  -1.3444000000000
C24     4.6434000000000  -5.9664000000000  -1.2676000000000
C25     4.6533000000000  -6.8045000000000  -2.3996000000000
C26     5.2024000000000  -6.3453000000000  -3.6125000000000
F27     5.2100000000000  -7.1527000000000  -4.6998000000000
C28     5.7422000000000  -5.0464000000000  -3.6933000000000
F29     6.2688000000000  -4.6015000000000  -4.8589000000000
C30     5.7338000000000  -4.2085000000000  -2.5610000000000
H31    -1.5516000000000   0.9637000000000  -0.0067000000000
H32    -0.3382000000000   1.6727000000000   5.2722000000000
H33    -1.1991000000000   3.7922000000000   6.2354000000000
H34    -3.1944000000000   4.8963000000000   5.2425000000000
H35    -4.3342000000000   3.8892000000000   3.2901000000000
H36    -2.1000000000000  -2.2342000000000   1.7616000000000
H37    -0.4831000000000  -1.7182000000000   2.1278000000000
H38    -2.0042000000000  -1.2788000000000  -0.4837000000000
H39    -0.6550000000000  -2.3220000000000  -0.2820000000000
H40     1.6267000000000   0.4813000000000  -0.9052000000000
H41     2.6624000000000  -4.1795000000000   1.3818000000000
H42     5.3224000000000  -4.3621000000000   0.7695000000000
H43     6.0085000000000  -3.0681000000000  -0.1764000000000
H44     4.2181000000000  -6.3234000000000  -0.3410000000000
H45     4.2386000000000  -7.7999000000000  -2.3377000000000
H46     6.1472000000000  -3.2129000000000  -2.6294000000000
&
