MAEFILE: SM18_micro011.mae
&gen
molchg=-1
&
entry_name: SM18_micro011
&zmat
C1     -5.2090000000000   1.1897000000000  -1.9545000000000
C2     -6.5830000000000   1.4105000000000  -1.7400000000000
C3     -7.0440000000000   1.8100000000000  -0.4709000000000
C4     -6.1323000000000   1.9905000000000   0.5874000000000
C5     -4.7523000000000   1.7717000000000   0.3774000000000
C6     -4.2889000000000   1.3689000000000  -0.9016000000000
C7     -3.7436000000000   1.9566000000000   1.4870000000000
O8     -4.1299000000000   2.3032000000000   2.6027000000000
N9     -2.4515000000000   1.7111000000000   1.1219000000000
C10    -2.1048000000000   1.3211000000000  -0.1576000000000
N11    -2.9220000000000   1.1481000000000  -1.1278000000000
C12    -0.6280000000000   1.0792000000000  -0.4102000000000
C13    -0.1983000000000  -0.3484000000000  -0.0232000000000
C14     1.2845000000000  -0.5902000000000  -0.3110000000000
O15     1.5928000000000  -1.2587000000000  -1.3012000000000
N16     2.1062000000000   0.0155000000000   0.6318000000000
C17     3.3764000000000   0.0165000000000   0.5000000000000
N18     4.2243000000000  -0.5284000000000  -0.5289000000000
C19     5.4548000000000  -0.3042000000000  -0.3215000000000
C20     5.8730000000000   0.4758000000000   0.9086000000000
S21     4.3359000000000   0.8269000000000   1.7675000000000
C22     6.6174000000000   1.7800000000000   0.5620000000000
C23     8.0502000000000   1.5493000000000   0.1135000000000
C24     8.3862000000000   1.6196000000000  -1.2553000000000
C25     9.7151000000000   1.4039000000000  -1.6694000000000
C26    10.7128000000000   1.1175000000000  -0.7175000000000
F27    11.9897000000000   0.9102000000000  -1.1181000000000
C28    10.3812000000000   1.0472000000000   0.6498000000000
F29    11.3384000000000   0.7711000000000   1.5670000000000
C30     9.0526000000000   1.2638000000000   1.0645000000000
H31    -4.8617000000000   0.8824000000000  -2.9302000000000
H32    -7.2837000000000   1.2728000000000  -2.5502000000000
H33    -8.0983000000000   1.9779000000000  -0.3087000000000
H34    -6.5003000000000   2.2968000000000   1.5556000000000
H35    -0.0474000000000   1.8152000000000   0.1492000000000
H36    -0.4091000000000   1.2620000000000  -1.4639000000000
H37    -0.7893000000000  -1.0802000000000  -0.5766000000000
H38    -0.3934000000000  -0.5318000000000   1.0348000000000
H39     6.2504000000000  -0.6459000000000  -0.9888000000000
H40     6.4814000000000  -0.1589000000000   1.5537000000000
H41     6.6527000000000   2.4212000000000   1.4439000000000
H42     6.0733000000000   2.3469000000000  -0.1956000000000
H43     7.6261000000000   1.8358000000000  -1.9919000000000
H44     9.9687000000000   1.4578000000000  -2.7180000000000
H45     8.8043000000000   1.2086000000000   2.1145000000000
&
