MAEFILE: SM18_micro004.mae
&gen
molchg=1
&
entry_name: SM18_micro004
&zmat
C1     -4.5052000000000   1.7506000000000   2.6057000000000
C2     -5.8901000000000   1.6661000000000   2.8484000000000
C3     -6.7908000000000   1.5457000000000   1.7707000000000
C4     -6.3133000000000   1.5090000000000   0.4448000000000
C5     -4.9259000000000   1.5938000000000   0.1921000000000
C6     -4.0316000000000   1.7140000000000   1.2801000000000
C7     -4.3599000000000   1.5596000000000  -1.2176000000000
O8     -5.1398000000000   1.4558000000000  -2.1637000000000
N9     -2.9702000000000   1.6451000000000  -1.3924000000000
C10    -2.2192000000000   1.7549000000000  -0.3355000000000
N11    -2.6749000000000   1.7926000000000   0.9750000000000
C12    -0.7089000000000   1.8376000000000  -0.4685000000000
C13     0.0091000000000   0.5870000000000   0.0762000000000
C14     1.5264000000000   0.6555000000000  -0.1102000000000
O15     2.1752000000000   1.6943000000000   0.0022000000000
N16     2.1417000000000  -0.5995000000000  -0.4248000000000
C17     3.4660000000000  -0.7576000000000  -0.6273000000000
N18     4.4865000000000   0.1243000000000  -0.5928000000000
C19     5.7318000000000  -0.4203000000000  -0.8589000000000
C20     5.7077000000000  -1.7365000000000  -1.1142000000000
S21     4.0838000000000  -2.3878000000000  -1.0182000000000
C22     6.8894000000000  -2.6307000000000  -1.4284000000000
C23     7.4946000000000  -2.3618000000000  -2.7936000000000
C24     8.7835000000000  -1.7976000000000  -2.9032000000000
C25     9.3401000000000  -1.5464000000000  -4.1724000000000
C26     8.6112000000000  -1.8575000000000  -5.3368000000000
F27     9.1477000000000  -1.6131000000000  -6.5561000000000
C28     7.3245000000000  -2.4217000000000  -5.2315000000000
F29     6.6208000000000  -2.7210000000000  -6.3491000000000
C30     6.7680000000000  -2.6741000000000  -3.9622000000000
H31    -2.0476000000000   1.8818000000000   1.7613000000000
H32     1.6038000000000  -1.4495000000000  -0.5161000000000
H33     4.2751000000000   1.0898000000000  -0.3811000000000
H34    -3.8159000000000   1.8428000000000   3.4322000000000
H35    -6.2626000000000   1.6936000000000   3.8619000000000
H36    -7.8519000000000   1.4811000000000   1.9618000000000
H37    -7.0188000000000   1.4162000000000  -0.3682000000000
H38    -0.3638000000000   2.7297000000000   0.0567000000000
H39    -0.4497000000000   1.9854000000000  -1.5184000000000
H40    -0.3756000000000  -0.3035000000000  -0.4237000000000
H41    -0.1944000000000   0.4623000000000   1.1404000000000
H42     6.5899000000000   0.2358000000000  -0.8415000000000
H43     6.5779000000000  -3.6749000000000  -1.3819000000000
H44     7.6441000000000  -2.4999000000000  -0.6517000000000
H45     9.3501000000000  -1.5538000000000  -2.0163000000000
H46    10.3268000000000  -1.1140000000000  -4.2522000000000
H47     5.7810000000000  -3.1068000000000  -3.8876000000000
&
