MAEFILE: SM18_micro032.mae
&gen
molchg=-1
&
entry_name: SM18_micro032
&zmat
C1      3.6395000000000   3.6292000000000  -1.1173000000000
C2      4.6535000000000   4.0873000000000  -1.9798000000000
C3      4.4866000000000   3.9962000000000  -3.3747000000000
C4      3.3111000000000   3.4379000000000  -3.9116000000000
C5      2.2907000000000   2.9760000000000  -3.0509000000000
C6      2.4547000000000   3.0778000000000  -1.6459000000000
C7      1.0154000000000   2.3701000000000  -3.5886000000000
O8      0.8593000000000   2.2742000000000  -4.8052000000000
N9      0.1270000000000   1.9794000000000  -2.6287000000000
C10     0.4012000000000   2.0887000000000  -1.2793000000000
N11     1.4558000000000   2.6148000000000  -0.7770000000000
C12    -0.6254000000000   1.4828000000000  -0.3280000000000
C13    -0.5222000000000  -0.0566000000000  -0.1873000000000
C14     0.8577000000000  -0.5307000000000   0.2894000000000
O15     1.1525000000000  -0.4140000000000   1.4819000000000
N16     1.6492000000000  -1.0019000000000  -0.7502000000000
C17     2.9246000000000  -0.7565000000000  -0.7506000000000
N18     3.6540000000000   0.0109000000000   0.1574000000000
C19     4.9873000000000   0.1574000000000  -0.1353000000000
C20     5.4026000000000  -0.4634000000000  -1.2383000000000
S21     4.0978000000000  -1.3302000000000  -2.0308000000000
C22     6.8098000000000  -0.4996000000000  -1.7945000000000
C23     7.2206000000000   0.7984000000000  -2.4620000000000
C24     7.8689000000000   1.8059000000000  -1.7172000000000
C25     8.2556000000000   3.0077000000000  -2.3411000000000
C26     7.9952000000000   3.2067000000000  -3.7107000000000
F27     8.3661000000000   4.3640000000000  -4.3080000000000
C28     7.3434000000000   2.2046000000000  -4.4563000000000
F29     7.0861000000000   2.3965000000000  -5.7718000000000
C30     6.9550000000000   1.0033000000000  -3.8321000000000
H31     3.2555000000000   0.4854000000000   0.9549000000000
H32     3.7739000000000   3.7002000000000  -0.0479000000000
H33     5.5598000000000   4.5093000000000  -1.5714000000000
H34     5.2630000000000   4.3520000000000  -4.0354000000000
H35     3.2011000000000   3.3693000000000  -4.9840000000000
H36    -1.6255000000000   1.7470000000000  -0.6739000000000
H37    -0.5230000000000   1.9465000000000   0.6545000000000
H38    -0.7693000000000  -0.5313000000000  -1.1387000000000
H39    -1.2711000000000  -0.4060000000000   0.5240000000000
H40     5.5808000000000   0.7546000000000   0.5409000000000
H41     6.8949000000000  -1.3183000000000  -2.5100000000000
H42     7.5032000000000  -0.7276000000000  -0.9843000000000
H43     8.0702000000000   1.6599000000000  -0.6661000000000
H44     8.7510000000000   3.7776000000000  -1.7682000000000
H45     6.4524000000000   0.2394000000000  -4.4071000000000
&
