MAEFILE: SM18_micro010.mae
&gen
molchg=1
&
entry_name: SM18_micro010
&zmat
C1     -4.5643000000000   1.3485000000000  -2.6574000000000
C2     -5.9574000000000   1.3738000000000  -2.8641000000000
C3     -6.8329000000000   1.5006000000000  -1.7666000000000
C4     -6.3216000000000   1.6033000000000  -0.4568000000000
C5     -4.9256000000000   1.5786000000000  -0.2403000000000
C6     -4.0570000000000   1.4510000000000  -1.3480000000000
C7     -4.3239000000000   1.6841000000000   1.1507000000000
O8     -5.0812000000000   1.7989000000000   2.1137000000000
N9     -2.9282000000000   1.6448000000000   1.2902000000000
C10    -2.2010000000000   1.5249000000000   0.2175000000000
N11    -2.6906000000000   1.4307000000000  -1.0782000000000
C12    -0.6851000000000   1.4674000000000   0.3177000000000
C13    -0.0860000000000   0.1602000000000  -0.2373000000000
C14     1.4279000000000   0.0961000000000  -0.0231000000000
O15     1.8512000000000  -0.3626000000000   1.0412000000000
N16     2.1393000000000   0.5902000000000  -1.1122000000000
C17     3.4392000000000   0.5967000000000  -1.1226000000000
N18     4.3182000000000   0.1515000000000  -0.1355000000000
C19     5.6761000000000   0.2546000000000  -0.3673000000000
C20     6.0154000000000   0.8348000000000  -1.6935000000000
S21     4.4521000000000   1.2166000000000  -2.4973000000000
C22     6.8452000000000  -0.1615000000000  -2.5305000000000
C23     8.2432000000000  -0.4016000000000  -1.9822000000000
C24     8.5624000000000  -1.6286000000000  -1.3620000000000
C25     9.8552000000000  -1.8464000000000  -0.8473000000000
C26    10.8347000000000  -0.8400000000000  -0.9514000000000
F27    12.0762000000000  -1.0509000000000  -0.4537000000000
C28    10.5215000000000   0.3846000000000  -1.5733000000000
F29    11.4614000000000   1.3541000000000  -1.6751000000000
C30     9.2289000000000   0.6026000000000  -2.0892000000000
H31    -2.0812000000000   1.3389000000000  -1.8780000000000
H32     4.0068000000000  -0.2373000000000   0.7437000000000
H33    -3.8943000000000   1.2506000000000  -3.4990000000000
H34    -6.3557000000000   1.2957000000000  -3.8651000000000
H35    -7.9004000000000   1.5187000000000  -1.9297000000000
H36    -7.0077000000000   1.6992000000000   0.3722000000000
H37    -0.3922000000000   1.5941000000000   1.3616000000000
H38    -0.2711000000000   2.3229000000000  -0.2182000000000
H39    -0.3110000000000   0.0502000000000  -1.2995000000000
H40    -0.5399000000000  -0.6978000000000   0.2612000000000
H41     6.3420000000000  -0.0841000000000   0.4172000000000
H42     6.5630000000000   1.7665000000000  -1.5483000000000
H43     6.9550000000000   0.2254000000000  -3.5446000000000
H44     6.3186000000000  -1.1120000000000  -2.6329000000000
H45     7.8174000000000  -2.4060000000000  -1.2757000000000
H46    10.0956000000000  -2.7860000000000  -0.3719000000000
H47     8.9955000000000   1.5440000000000  -2.5649000000000
&
