MAEFILE: SM18_micro005.mae
&gen
molchg=-1
&
entry_name: SM18_micro005
&zmat
C1     -4.4824000000000  -0.7677000000000   1.7881000000000
C2     -5.8682000000000  -0.7088000000000   2.0331000000000
C3     -6.5987000000000   0.4466000000000   1.6887000000000
C4     -5.9490000000000   1.5497000000000   1.0984000000000
C5     -4.5590000000000   1.4996000000000   0.8498000000000
C6     -3.8367000000000   0.3357000000000   1.1984000000000
C7     -3.8106000000000   2.6607000000000   0.2164000000000
O8     -4.4412000000000   3.6731000000000  -0.0859000000000
N9     -2.4300000000000   2.5395000000000  -0.0022000000000
C10    -1.8425000000000   1.4318000000000   0.3477000000000
N11    -2.4702000000000   0.3394000000000   0.9300000000000
C12    -0.3511000000000   1.2429000000000   0.1285000000000
C13    -0.0184000000000   0.0759000000000  -0.8236000000000
C14     1.4921000000000  -0.1088000000000  -0.9936000000000
O15     2.0745000000000  -0.9474000000000  -0.3040000000000
N16     2.0022000000000   0.7258000000000  -1.9307000000000
C17     3.3171000000000   0.6960000000000  -2.1977000000000
N18     4.1984000000000   1.5209000000000  -1.6226000000000
C19     5.5105000000000   1.3153000000000  -2.0509000000000
C20     5.6375000000000   0.3176000000000  -2.9827000000000
S21     4.0887000000000  -0.3960000000000  -3.3484000000000
C22     6.8887000000000  -0.1531000000000  -3.6496000000000
C23     7.2160000000000  -1.5973000000000  -3.3162000000000
C24     7.7342000000000  -1.9300000000000  -2.0468000000000
C25     8.0354000000000  -3.2701000000000  -1.7345000000000
C26     7.8202000000000  -4.2825000000000  -2.6898000000000
F27     8.1115000000000  -5.5703000000000  -2.3879000000000
C28     7.3023000000000  -3.9542000000000  -3.9583000000000
F29     7.0944000000000  -4.9258000000000  -4.8786000000000
C30     7.0009000000000  -2.6141000000000  -4.2707000000000
H31    -1.9626000000000  -0.4979000000000   1.1772000000000
H32    -3.9229000000000  -1.6534000000000   2.0516000000000
H33    -6.3717000000000  -1.5504000000000   2.4854000000000
H34    -7.6614000000000   0.4874000000000   1.8778000000000
H35    -6.5253000000000   2.4266000000000   0.8409000000000
H36     0.1232000000000   1.0797000000000   1.0975000000000
H37     0.0726000000000   2.1698000000000  -0.2623000000000
H38    -0.4862000000000   0.2363000000000  -1.7970000000000
H39    -0.4305000000000  -0.8586000000000  -0.4402000000000
H40     6.2967000000000   1.9304000000000  -1.6391000000000
H41     7.7297000000000   0.4737000000000  -3.3505000000000
H42     6.7934000000000  -0.0368000000000  -4.7297000000000
H43     7.8981000000000  -1.1577000000000  -1.3093000000000
H44     8.4304000000000  -3.5212000000000  -0.7613000000000
H45     6.6010000000000  -2.3698000000000  -5.2440000000000
&
