MAEFILE: SM18_micro064.mae
&gen
molchg=-2
&
entry_name: SM18_micro064
&zmat
C1     -1.2505000000000  -3.5887000000000   4.4544000000000
C2     -1.3704000000000  -3.3238000000000   5.8324000000000
C3     -1.8573000000000  -2.0777000000000   6.2714000000000
C4     -2.2266000000000  -1.0936000000000   5.3341000000000
C5     -2.1097000000000  -1.3547000000000   3.9505000000000
C6     -1.6180000000000  -2.6097000000000   3.5088000000000
C7     -2.4991000000000  -0.3254000000000   2.9155000000000
O8     -2.9135000000000   0.7734000000000   3.2836000000000
N9     -2.3504000000000  -0.7397000000000   1.6240000000000
C10    -1.8440000000000  -1.9850000000000   1.2970000000000
N11    -1.4942000000000  -2.8851000000000   2.1383000000000
C12    -1.6955000000000  -2.2875000000000  -0.1855000000000
C13    -0.5901000000000  -1.4481000000000  -0.7987000000000
C14    -0.7696000000000  -0.5216000000000  -1.8103000000000
O15    -1.8006000000000  -0.2003000000000  -2.4445000000000
N16     0.3728000000000   0.1768000000000  -2.1941000000000
C17     0.7796000000000   1.2111000000000  -1.5298000000000
N18     0.1765000000000   1.7304000000000  -0.3904000000000
C19     0.7975000000000   2.8315000000000   0.1462000000000
C20     1.8866000000000   3.2544000000000  -0.4973000000000
S21     2.2366000000000   2.2472000000000  -1.9019000000000
C22     2.7494000000000   4.4437000000000  -0.1083000000000
C23     3.9498000000000   4.7010000000000  -1.0029000000000
C24     5.1824000000000   4.0697000000000  -0.7330000000000
C25     6.2945000000000   4.3047000000000  -1.5649000000000
C26     6.1792000000000   5.1725000000000  -2.6682000000000
F27     7.2497000000000   5.3973000000000  -3.4667000000000
C28     4.9501000000000   5.8053000000000  -2.9404000000000
F29     4.8366000000000   6.6395000000000  -4.0013000000000
C30     3.8377000000000   5.5702000000000  -2.1089000000000
H31    -0.6398000000000   1.3329000000000   0.0557000000000
H32    -0.8755000000000  -4.5462000000000   4.1236000000000
H33    -1.0885000000000  -4.0773000000000   6.5527000000000
H34    -1.9485000000000  -1.8761000000000   7.3284000000000
H35    -2.5993000000000  -0.1426000000000   5.6854000000000
H36    -2.6449000000000  -2.1024000000000  -0.6893000000000
H37    -1.4591000000000  -3.3418000000000  -0.3359000000000
H38     0.3931000000000  -1.6015000000000  -0.3763000000000
H39     0.3593000000000   3.2582000000000   1.0363000000000
H40     3.0951000000000   4.2976000000000   0.9157000000000
H41     2.1199000000000   5.3342000000000  -0.0923000000000
H42     5.2757000000000   3.4000000000000   0.1096000000000
H43     7.2360000000000   3.8180000000000  -1.3564000000000
H44     2.8968000000000   6.0551000000000  -2.3244000000000
&
