MAEFILE: SM19_micro006.mae
&gen
molchg=1
&
entry_name: SM19_micro006
&zmat
C1     -2.3514000000000   0.6759000000000   0.0001000000000
C2     -0.8772000000000   1.0869000000000  -0.0010000000000
O3     -0.0752000000000  -0.0863000000000  -0.0012000000000
C4      1.2954000000000   0.0602000000000  -0.0014000000000
C5      2.0663000000000  -1.1196000000000  -0.0002000000000
C6      3.4746000000000  -1.0711000000000   0.0001000000000
C7      1.9636000000000   1.3083000000000  -0.0026000000000
C8      3.3697000000000   1.3505000000000  -0.0024000000000
C9      4.1675000000000   0.1610000000000  -0.0009000000000
S10     4.4618000000000   2.7544000000000  -0.0034000000000
C11     5.8200000000000   1.6167000000000  -0.0011000000000
N12     5.4836000000000   0.2964000000000  -0.0003000000000
N13     7.2027000000000   1.9321000000000   0.0006000000000
C14     7.7725000000000   3.1498000000000   0.0016000000000
O15     7.1450000000000   4.2097000000000  -0.0005000000000
C16     9.3074000000000   3.1462000000000   0.0054000000000
C17     9.8954000000000   4.5492000000000   0.0023000000000
C18    10.1866000000000   5.1997000000000   1.2194000000000
C19    10.7265000000000   6.5001000000000   1.2143000000000
C20    10.9806000000000   7.1584000000000  -0.0052000000000
Cl21   11.6413000000000   8.7547000000000   0.0178000000000
C22    10.6941000000000   6.5087000000000  -1.2263000000000
Cl23   10.9958000000000   7.2873000000000  -2.7386000000000
C24    10.1539000000000   5.2073000000000  -1.2186000000000
H25     6.0921000000000  -0.5124000000000   0.0011000000000
H26    -2.9996000000000   1.5525000000000   0.0003000000000
H27    -2.5933000000000   0.0817000000000  -0.8814000000000
H28    -2.5922000000000   0.0822000000000   0.8823000000000
H29    -0.6670000000000   1.6909000000000   0.8830000000000
H30    -0.6682000000000   1.6904000000000  -0.8855000000000
H31     1.5699000000000  -2.0792000000000   0.0008000000000
H32     4.0306000000000  -1.9973000000000   0.0011000000000
H33     1.4231000000000   2.2425000000000  -0.0037000000000
H34     7.8321000000000   1.1428000000000   0.0020000000000
H35     9.6683000000000   2.6011000000000  -0.8679000000000
H36     9.6636000000000   2.6059000000000   0.8836000000000
H37     9.9935000000000   4.7051000000000   2.1601000000000
H38    10.9451000000000   6.9935000000000   2.1499000000000
H39     9.9339000000000   4.7150000000000  -2.1545000000000
&
