MAEFILE: SM19_micro014.mae
&gen
&
entry_name: SM19_micro014
&zmat
C1     -7.9149000000000   2.1328000000000   0.1736000000000
C2     -6.4008000000000   1.9142000000000   0.1391000000000
O3     -6.1443000000000   0.5195000000000   0.0476000000000
C4     -4.8324000000000   0.0984000000000   0.0083000000000
C5     -4.6071000000000  -1.2904000000000  -0.0733000000000
C6     -3.2997000000000  -1.8128000000000  -0.1165000000000
C7     -3.7147000000000   0.9674000000000   0.0443000000000
C8     -2.4106000000000   0.4401000000000  -0.0008000000000
C9     -2.1725000000000  -0.9619000000000  -0.0810000000000
S10    -0.8737000000000   1.2981000000000   0.0271000000000
C11    -0.0428000000000  -0.2592000000000  -0.0669000000000
N12    -0.8339000000000  -1.3413000000000  -0.1163000000000
N13     1.3568000000000  -0.2437000000000  -0.0824000000000
C14     2.2841000000000  -1.2866000000000  -0.1144000000000
O15     1.7165000000000  -2.4986000000000  -0.1807000000000
C16     3.6267000000000  -1.1632000000000  -0.1012000000000
C17     4.4451000000000   0.0629000000000  -0.0045000000000
C18     5.7513000000000   0.0318000000000  -0.5385000000000
C19     6.5715000000000   1.1756000000000  -0.5067000000000
C20     6.0947000000000   2.3732000000000   0.0584000000000
Cl21    7.1185000000000   3.7646000000000   0.0839000000000
C22     4.7902000000000   2.4201000000000   0.5945000000000
Cl23    4.1720000000000   3.8716000000000   1.2986000000000
C24     3.9740000000000   1.2720000000000   0.5596000000000
H25    -8.1535000000000   3.1939000000000   0.2463000000000
H26    -8.3871000000000   1.7447000000000  -0.7293000000000
H27    -8.3635000000000   1.6294000000000   1.0302000000000
H28    -5.9527000000000   2.3245000000000   1.0452000000000
H29    -5.9762000000000   2.4368000000000  -0.7195000000000
H30    -5.4491000000000  -1.9664000000000  -0.1025000000000
H31    -3.1566000000000  -2.8815000000000  -0.1780000000000
H32    -3.8299000000000   2.0388000000000   0.1057000000000
H33     1.7562000000000   0.6831000000000  -0.0504000000000
H34     2.4115000000000  -3.1383000000000  -0.2030000000000
H35     4.1994000000000  -2.0787000000000  -0.1493000000000
H36     6.1316000000000  -0.8762000000000  -0.9837000000000
H37     7.5681000000000   1.1329000000000  -0.9207000000000
H38     2.9891000000000   1.3356000000000   0.9940000000000
&
