MAEFILE: SM20_micro005.mae
&gen
molchg=-1
&
entry_name: SM20_micro005
&zmat
S1     -3.7304000000000   4.9516000000000   1.0803000000000
C2     -2.7717000000000   5.7077000000000   2.3777000000000
O3     -3.0648000000000   6.8450000000000   2.7407000000000
N4     -1.8240000000000   4.8851000000000   2.7921000000000
C5     -1.7678000000000   3.6804000000000   2.1764000000000
O6     -0.9826000000000   2.7947000000000   2.5098000000000
C7     -2.7416000000000   3.5042000000000   1.1005000000000
C8     -2.9206000000000   2.4464000000000   0.2778000000000
C9     -2.1128000000000   1.2244000000000   0.1215000000000
C10    -2.7681000000000  -0.0214000000000   0.0499000000000
C11    -2.0271000000000  -1.2071000000000  -0.1074000000000
C12    -0.6238000000000  -1.1535000000000  -0.1949000000000
C13     0.0534000000000   0.0806000000000  -0.1313000000000
C14    -0.7049000000000   1.2690000000000   0.0153000000000
O15     1.4285000000000   0.0457000000000  -0.2170000000000
C16     2.1457000000000   1.2606000000000  -0.0405000000000
C17     3.6446000000000   1.0185000000000  -0.0405000000000
C18     4.4310000000000   1.5112000000000  -1.1042000000000
C19     5.8223000000000   1.2952000000000  -1.1205000000000
C20     6.4368000000000   0.5857000000000  -0.0714000000000
Cl21    8.1413000000000   0.3193000000000  -0.0905000000000
C22     5.6585000000000   0.0939000000000   0.9938000000000
C23     4.2658000000000   0.3080000000000   1.0143000000000
Cl24    3.3451000000000  -0.3096000000000   2.3410000000000
H25    -3.7268000000000   2.5291000000000  -0.4363000000000
H26    -3.8449000000000  -0.0719000000000   0.1208000000000
H27    -2.5351000000000  -2.1589000000000  -0.1577000000000
H28    -0.0609000000000  -2.0682000000000  -0.3102000000000
H29    -0.2223000000000   2.2338000000000   0.0471000000000
H30     1.8742000000000   1.7337000000000   0.9049000000000
H31     1.8903000000000   1.9584000000000  -0.8397000000000
H32     3.9698000000000   2.0560000000000  -1.9148000000000
H33     6.4165000000000   1.6742000000000  -1.9391000000000
H34     6.1310000000000  -0.4502000000000   1.7984000000000
H35    -1.1078590000000   2.0269680000000   1.9472190000000
&
