MAEFILE: SM21_micro022.mae
&gen
molchg=1
&
entry_name: SM21_micro022
&zmat
C1     -0.5250000000000   3.1825000000000  -0.4545000000000
C2     -1.6007000000000   3.8351000000000   0.1791000000000
Br3    -1.4925000000000   5.6973000000000   0.5545000000000
C4     -2.7558000000000   3.1091000000000   0.5363000000000
C5     -2.8407000000000   1.7286000000000   0.2610000000000
C6     -1.7690000000000   1.0677000000000  -0.3710000000000
C7     -0.6199000000000   1.8028000000000  -0.7197000000000
N8      0.5261000000000   1.0998000000000  -1.3901000000000
C9      1.6351000000000   0.7767000000000  -0.4319000000000
C10     1.5897000000000  -0.3651000000000   0.3887000000000
F11     0.5512000000000  -1.2339000000000   0.3637000000000
C12     2.6979000000000  -0.5430000000000   1.2410000000000
N13     3.7258000000000   0.3369000000000   1.2534000000000
C14     3.6535000000000   1.3882000000000   0.4250000000000
N15     2.6582000000000   1.6557000000000  -0.4277000000000
N16     4.7022000000000   2.2896000000000   0.4111000000000
C17     5.9264000000000   2.3571000000000   1.0897000000000
C18     7.0657000000000   2.8103000000000   0.3924000000000
C19     8.3107000000000   2.9017000000000   1.0448000000000
C20     8.4222000000000   2.5481000000000   2.4029000000000
C21     7.2865000000000   2.1080000000000   3.1091000000000
Br22    7.4311000000000   1.6424000000000   4.9487000000000
C23     6.0418000000000   2.0156000000000   2.4562000000000
H24     0.1940000000000   0.2461000000000  -1.8152000000000
H25     0.8865000000000   1.6780000000000  -2.1353000000000
H26     0.3623000000000   3.7352000000000  -0.7273000000000
H27    -3.5790000000000   3.6118000000000   1.0229000000000
H28    -3.7278000000000   1.1772000000000   0.5363000000000
H29    -1.8313000000000   0.0097000000000  -0.5805000000000
H30     2.7615000000000  -1.3872000000000   1.9116000000000
H31     4.6390000000000   2.9491000000000  -0.3507000000000
H32     6.9913000000000   3.0854000000000  -0.6498000000000
H33     9.1803000000000   3.2437000000000   0.5033000000000
H34     9.3773000000000   2.6188000000000   2.9022000000000
H35     5.1783000000000   1.6890000000000   3.0164000000000
&
