MAEFILE: SM21_micro034.mae
&gen
molchg=3
&
entry_name: SM21_micro034
&zmat
C1     -0.9048800000000   2.6083940000000  -0.1305650000000
C2     -1.9373480000000   3.5406210000000   0.0232640000000
Br3    -2.2400380000000   4.8369810000000  -1.3229030000000
C4     -2.7494910000000   3.5253620000000   1.1535150000000
C5     -2.5290550000000   2.5678500000000   2.1385680000000
C6     -1.4993550000000   1.6352380000000   1.9861820000000
C7     -0.6720400000000   1.6352690000000   0.8486220000000
N8      0.3682850000000   0.6797570000000   0.7871490000000
C9      1.5732600000000   0.6235090000000   0.0691230000000
C10     2.2935980000000   1.7423020000000  -0.3656060000000
F11     1.8991400000000   2.9946530000000  -0.0905860000000
C12     3.4746480000000   1.5455440000000  -1.0516100000000
N13     3.9124010000000   0.3043560000000  -1.2805280000000
C14     3.2509750000000  -0.7776970000000  -0.8550540000000
N15     2.1028880000000  -0.5869150000000  -0.1896120000000
N16     3.7539740000000  -2.1174050000000  -1.1235720000000
C17     3.3052590000000  -2.8088860000000  -2.3271880000000
C18     2.1765470000000  -3.6377320000000  -2.2737140000000
C19     1.7613350000000  -4.3292520000000  -3.4140470000000
C20     2.4765380000000  -4.2063000000000  -4.6050260000000
C21     3.6102060000000  -3.3958500000000  -4.6517490000000
Br22    4.5849230000000  -3.2538350000000  -6.2697330000000
C23     4.0339120000000  -2.6970790000000  -3.5186660000000
H24    -0.3087710000000   2.6356540000000  -1.0377280000000
H25    -3.5520570000000   4.2486470000000   1.2769890000000
H26    -3.1546310000000   2.5463170000000   3.0287730000000
H27    -1.3398870000000   0.9034460000000   2.7775580000000
H28     0.0572460000000  -0.2116810000000   1.1723700000000
H29     1.6115530000000  -3.7665700000000  -1.3539790000000
H30     0.8823390000000  -4.9704940000000  -3.3723950000000
H31     2.1448580000000  -4.7526530000000  -5.4858420000000
H32     4.9278760000000  -2.0825830000000  -3.5701400000000
H33     4.7754760000000  -2.0884680000000  -1.1107180000000
H34     3.5648660000000  -2.7018560000000  -0.3064150000000
H35     4.0898690000000   2.3593090000000  -1.4164970000000
H36     4.7802090000000   0.1875830000000  -1.7897420000000
H37     1.5946980000000  -1.4004210000000   0.1228730000000
&
