MAEFILE: SM21_micro020.mae
&gen
&
entry_name: SM21_micro020
&zmat
C1     -2.0710000000000   1.1805000000000  -0.1360000000000
C2     -2.9277000000000   2.2912000000000  -0.2647000000000
Br3    -4.7232000000000   2.0440000000000  -0.8445000000000
C4     -2.4561000000000   3.5833000000000   0.0352000000000
C5     -1.1302000000000   3.7615000000000   0.4727000000000
C6     -0.2752000000000   2.6500000000000   0.6017000000000
C7     -0.7341000000000   1.3517000000000   0.2801000000000
N8      0.0778000000000   0.2129000000000   0.3957000000000
C9      1.4432000000000   0.0702000000000   0.1024000000000
C10     2.0671000000000  -1.1778000000000   0.3140000000000
F11     1.3916000000000  -2.2379000000000   0.8203000000000
C12     3.4299000000000  -1.2748000000000  -0.0318000000000
N13     4.1072000000000  -0.2257000000000  -0.5468000000000
C14     3.4284000000000   0.9126000000000  -0.7073000000000
N15     2.1380000000000   1.1108000000000  -0.4150000000000
N16     4.1450000000000   1.9597000000000  -1.2576000000000
C17     3.8021000000000   3.2703000000000  -1.6137000000000
C18     3.0164000000000   4.0829000000000  -0.7668000000000
C19     2.6922000000000   5.4000000000000  -1.1451000000000
C20     3.1604000000000   5.9164000000000  -2.3682000000000
C21     3.9565000000000   5.1160000000000  -3.2100000000000
Br22    4.5982000000000   5.8155000000000  -4.8593000000000
C23     4.2790000000000   3.7978000000000  -2.8315000000000
H24    -2.4431000000000   0.1935000000000  -0.3695000000000
H25    -3.1121000000000   4.4357000000000  -0.0628000000000
H26    -0.7697000000000   4.7504000000000   0.7150000000000
H27     0.7291000000000   2.8055000000000   0.9639000000000
H28    -0.4110000000000  -0.6557000000000   0.5587000000000
H29     3.9763000000000  -2.1971000000000   0.0989000000000
H30     5.0445000000000   1.6710000000000  -1.6138000000000
H31     2.6658000000000   3.7053000000000   0.1815000000000
H32     2.0880000000000   6.0150000000000  -0.4947000000000
H33     2.9127000000000   6.9272000000000  -2.6573000000000
H34     4.8900000000000   3.1905000000000  -3.4836000000000
&
