MAEFILE: SM21_micro033.mae
&gen
molchg=3
&
entry_name: SM21_micro033
&zmat
C1     -0.5410530000000   2.5648770000000  -0.0841080000000
C2     -1.8540740000000   2.4415440000000   0.3723850000000
Br3    -2.6965270000000   3.9059450000000   1.2271980000000
C4     -2.5567820000000   1.2490440000000   0.2016090000000
C5     -1.9460510000000   0.1690560000000  -0.4367910000000
C6     -0.6334910000000   0.2810560000000  -0.8994280000000
C7      0.0703380000000   1.4752390000000  -0.7135800000000
N8      1.4316830000000   1.5943010000000  -1.2204470000000
C9      2.5481100000000   1.4006310000000  -0.2909960000000
C10     3.2386520000000   2.5302540000000   0.1473950000000
F11     2.8860320000000   3.7557160000000  -0.2677430000000
C12     4.2879250000000   2.3439470000000   1.0149910000000
N13     4.6715170000000   1.1240650000000   1.4497250000000
C14     3.9612060000000   0.0707160000000   0.9760640000000
N15     2.9319900000000   0.1909510000000   0.1351860000000
N16     4.4207970000000  -1.1927690000000   1.4749460000000
C17     5.2422890000000  -2.0275190000000   0.6220810000000
C18     4.6786630000000  -3.1478010000000   0.0017790000000
C19     5.4711320000000  -3.9705210000000  -0.8012570000000
C20     6.8246280000000  -3.6810410000000  -0.9776190000000
C21     7.3843190000000  -2.5703130000000  -0.3467110000000
Br22    9.2248630000000  -2.1938780000000  -0.5816250000000
C23     6.6018080000000  -1.7396400000000   0.4566730000000
H24     1.5582690000000   0.9953260000000  -2.0425210000000
H25     1.5358400000000   2.5374390000000  -1.6173840000000
H26     2.4510350000000  -0.6381540000000  -0.1747160000000
H27     4.9779620000000  -0.9245040000000   2.2903740000000
H28     3.6430960000000  -1.7102250000000   1.8838820000000
H29    -0.0080820000000   3.5021540000000   0.0471140000000
H30    -3.5811470000000   1.1501750000000   0.5555590000000
H31    -2.4963050000000  -0.7596710000000  -0.5786530000000
H32    -0.1824700000000  -0.5674900000000  -1.4072880000000
H33     4.8578380000000   3.1907470000000   1.3887530000000
H34     3.6299130000000  -3.4004200000000   0.1367020000000
H35     5.0345800000000  -4.8419630000000  -1.2864750000000
H36     7.4323070000000  -4.3312420000000  -1.6040110000000
H37     7.0508900000000  -0.8813280000000   0.9490360000000
&
