MAEFILE: SM23_micro021.mae
&gen
molchg=1
&
entry_name: SM23_micro021
&zmat
C1     -0.4500000000000   8.5466000000000  -0.0013000000000
C2     -1.5815000000000   7.7983000000000  -0.7176000000000
O3     -1.2811000000000   6.4134000000000  -0.8362000000000
C4     -1.5611000000000   5.5532000000000   0.1679000000000
O5     -2.0855000000000   5.8890000000000   1.2316000000000
C6     -1.1597000000000   4.1497000000000  -0.1419000000000
C7     -1.3935000000000   3.1372000000000   0.8199000000000
C8     -0.9976000000000   1.8083000000000   0.5751000000000
C9     -0.3599000000000   1.4933000000000  -0.6388000000000
C10    -0.1359000000000   2.4764000000000  -1.6196000000000
C11    -0.5365000000000   3.8034000000000  -1.3683000000000
N12     0.1554000000000   0.0908000000000  -0.8592000000000
C13     1.6093000000000  -0.0981000000000  -0.4787000000000
C14     2.3473000000000  -1.2040000000000  -0.9404000000000
C15     3.6912000000000  -1.2541000000000  -0.5046000000000
C16     4.6119000000000  -2.3842000000000  -0.9136000000000
N17     4.2241000000000  -0.2959000000000   0.2919000000000
C18     3.4227000000000   0.7098000000000   0.6564000000000
N19     2.1377000000000   0.8477000000000   0.3235000000000
N20     3.9797000000000   1.6908000000000   1.4568000000000
C21     3.4403000000000   2.8566000000000   2.0191000000000
C22     3.7441000000000   3.1864000000000   3.3542000000000
C23     3.1885000000000   4.3368000000000   3.9485000000000
C24     2.3231000000000   5.1819000000000   3.2116000000000
C25     2.0417000000000   4.8594000000000   1.8653000000000
C26     2.5994000000000   3.7115000000000   1.2730000000000
C27     1.7010000000000   6.3959000000000   3.8133000000000
O28     0.9109000000000   7.1238000000000   3.2089000000000
O29     2.0926000000000   6.6121000000000   5.0850000000000
C30     1.5888000000000   7.7281000000000   5.8013000000000
C31     2.2312000000000   7.7705000000000   7.1897000000000
H32    -0.4097000000000  -0.5553000000000  -0.3275000000000
H33     0.0345000000000  -0.1557000000000  -1.8308000000000
H34    -0.6607000000000   9.6151000000000   0.0424000000000
H35    -0.3264000000000   8.1929000000000   1.0218000000000
H36     0.4995000000000   8.4141000000000  -0.5206000000000
H37    -1.7041000000000   8.2037000000000  -1.7219000000000
H38    -2.5321000000000   7.9497000000000  -0.2040000000000
H39    -1.8653000000000   3.3728000000000   1.7632000000000
H40    -1.1568000000000   1.0480000000000   1.3258000000000
H41     0.3618000000000   2.2264000000000  -2.5451000000000
H42    -0.3406000000000   4.5479000000000  -2.1263000000000
H43     1.9179000000000  -1.9619000000000  -1.5794000000000
H44     4.0544000000000  -3.1947000000000  -1.3835000000000
H45     5.3578000000000  -2.0256000000000  -1.6232000000000
H46     5.1304000000000  -2.7891000000000  -0.0440000000000
H47     4.8868000000000   1.4394000000000   1.8225000000000
H48     4.3935000000000   2.5487000000000   3.9364000000000
H49     3.4339000000000   4.5494000000000   4.9788000000000
H50     1.3932000000000   5.4875000000000   1.2715000000000
H51     2.3694000000000   3.4926000000000   0.2410000000000
H52     0.5044000000000   7.6510000000000   5.8910000000000
H53     1.8110000000000   8.6486000000000   5.2598000000000
H54     1.8599000000000   8.6209000000000   7.7616000000000
H55     2.0075000000000   6.8648000000000   7.7539000000000
H56     3.3150000000000   7.8634000000000   7.1172000000000
&
