MAEFILE: SM23_micro019.mae
&gen
molchg=1
&
entry_name: SM23_micro019
&zmat
C1     -5.4101170000000   5.1502780000000   2.5983450000000
C2     -5.1583870000000   5.2931070000000   1.1103330000000
O3     -4.0715040000000   4.4258900000000   0.7560720000000
C4     -3.7463150000000   4.4318360000000  -0.5607550000000
O5     -4.2930640000000   5.1033620000000  -1.4234820000000
C6     -2.6177600000000   3.4971720000000  -0.8282530000000
C7     -2.0102340000000   2.7407750000000   0.1796080000000
C8     -0.9539570000000   1.8718050000000  -0.1278830000000
C9     -0.4661430000000   1.7532340000000  -1.4347280000000
C10    -1.1036160000000   2.4948510000000  -2.4406580000000
C11    -2.1598330000000   3.3649380000000  -2.1432060000000
N12     0.5602970000000   0.8554860000000  -1.7937240000000
C13     1.6398000000000   0.3693220000000  -1.0168070000000
C14     2.3858790000000  -0.6690150000000  -1.5373790000000
C15     3.4152940000000  -1.1495140000000  -0.7600490000000
C16     4.2701930000000  -2.2783520000000  -1.2523850000000
N17     3.6924210000000  -0.6394490000000   0.4565550000000
C18     2.9282080000000   0.3689260000000   0.9025700000000
N19     1.9068930000000   0.8760860000000   0.2003550000000
N20     3.2547330000000   0.8444580000000   2.1698820000000
C21     2.8116620000000   1.9163190000000   2.9518560000000
C22     1.9020220000000   2.8834020000000   2.5134580000000
C23     1.4663660000000   3.9193470000000   3.3561080000000
C24     1.9321230000000   4.0053560000000   4.6737750000000
C25     2.8404830000000   3.0412240000000   5.1255760000000
C26     3.2677780000000   2.0121940000000   4.2754720000000
C27     1.5107540000000   5.0747270000000   5.6290120000000
O28     1.9926920000000   5.1976580000000   6.7483190000000
O29     0.5503960000000   5.9134340000000   5.1410340000000
C30    -0.7336690000000   5.6761390000000   5.6823530000000
C31    -1.8074260000000   6.2426810000000   4.7630760000000
H32    -6.2330780000000   5.7952050000000   2.9186990000000
H33    -5.6546260000000   4.1130630000000   2.8503680000000
H34    -4.5128380000000   5.4128270000000   3.1677540000000
H35    -4.8926790000000   6.3299690000000   0.8763360000000
H36    -6.0571730000000   5.0060110000000   0.5532640000000
H37    -2.3471560000000   2.8021790000000   1.2119800000000
H38    -0.5282180000000   1.2779460000000   0.6780480000000
H39    -0.7795330000000   2.4087080000000  -3.4769790000000
H40    -2.6205380000000   3.9311060000000  -2.9507730000000
H41     0.8563060000000   0.9702800000000  -2.7640920000000
H42     3.6579870000000  -3.1686530000000  -1.4273330000000
H43     4.7699600000000  -1.9965180000000  -2.1844940000000
H44     5.0402320000000  -2.5337320000000  -0.5171790000000
H45     1.5169240000000   2.8680760000000   1.4971330000000
H46     0.7659470000000   4.6416910000000   2.9424430000000
H47     3.2253070000000   3.0716530000000   6.1440430000000
H48     3.9683430000000   1.2754870000000   4.6679150000000
H49    -0.8064050000000   6.1403600000000   6.6734800000000
H50    -0.9049120000000   4.5985470000000   5.7974000000000
H51    -2.8015400000000   6.0576060000000   5.1819850000000
H52    -1.6878740000000   7.3235600000000   4.6326480000000
H53    -1.7622260000000   5.7782800000000   3.7718570000000
H54     2.1677120000000  -1.0944500000000  -2.5099860000000
H55     4.0294240000000   0.3048130000000   2.5426680000000
H56     0.8474880000000   6.8342390000000   5.3344760000000
&
