MAEFILE: SM24_micro030.mae
&gen
molchg=1
&
entry_name: SM24_micro030
&zmat
C1     -4.9037380000000   0.9329450000000   0.2849240000000
O2     -4.1383070000000  -0.0975190000000  -0.3357380000000
C3     -2.7779300000000   0.0018890000000  -0.2350690000000
C4     -2.0665820000000  -1.0133750000000  -0.8808700000000
C5     -0.6694240000000  -1.0328700000000  -0.8569820000000
C6      0.0312780000000  -0.0277760000000  -0.1846740000000
C7     -0.6770820000000   0.9876520000000   0.4667090000000
C8     -2.0769430000000   1.0016150000000   0.4414120000000
C9      1.4810670000000  -0.0365260000000  -0.1611120000000
C10     2.2273500000000  -0.9231810000000   0.6055780000000
C11     1.9367390000000  -1.9931550000000   1.5587220000000
C12     2.7276060000000  -3.1495590000000   1.5889030000000
C13     2.4502410000000  -4.1843540000000   2.4888180000000
C14     1.3797320000000  -4.0860710000000   3.3785020000000
C15     0.5931680000000  -2.9357530000000   3.3656560000000
C16     0.8718900000000  -1.8984790000000   2.4636740000000
O17     1.2132870000000  -5.1663510000000   4.1994420000000
C18     0.1002750000000  -5.1306370000000   5.0900810000000
O19     3.5570220000000  -0.7019200000000   0.3860700000000
C20     3.6706100000000   0.3084110000000  -0.5121210000000
C21     2.4171120000000   0.7620350000000  -0.9053650000000
N22     4.8632510000000   0.7523090000000  -0.9295450000000
C23     4.7138480000000   1.7400720000000  -1.8286020000000
N24     3.5609230000000   2.2267830000000  -2.2711020000000
C25     2.3749580000000   1.7882370000000  -1.8631920000000
N26     1.1274050000000   2.3058610000000  -2.3448590000000
C27     0.6077010000000   1.6287150000000  -3.5597060000000
C28    -0.2441390000000   2.6906910000000  -4.3324420000000
O29     0.4481020000000   3.8306290000000  -4.3844250000000
H30     3.6083460000000   2.9702620000000  -2.9587150000000
H31     0.4244160000000   2.3564350000000  -1.6084530000000
H32     1.2263350000000   3.2827720000000  -2.6644500000000
H33    -5.9608310000000   0.7189520000000   0.1007010000000
H34    -4.7480680000000   0.9394070000000   1.3687370000000
H35    -4.6791570000000   1.9099920000000  -0.1556230000000
H36    -2.6011510000000  -1.8013920000000  -1.4086580000000
H37    -0.1425360000000  -1.8388030000000  -1.3651210000000
H38    -0.1536570000000   1.7701400000000   1.0150990000000
H39    -2.5850890000000   1.8062450000000   0.9660410000000
H40     3.5665270000000  -3.2639490000000   0.9040200000000
H41     3.0778890000000  -5.0737000000000   2.4865560000000
H42    -0.2456500000000  -2.8037510000000   4.0437340000000
H43     0.2439560000000  -1.0106320000000   2.4957160000000
H44     0.0938540000000  -6.0697200000000   5.6515850000000
H45     0.1992580000000  -4.3119030000000   5.8100000000000
H46    -0.8440620000000  -5.0645440000000   4.5397350000000
H47     5.6146300000000   2.1844190000000  -2.2402860000000
H48     0.0049780000000   0.7647950000000  -3.2587090000000
H49     1.4549310000000   1.2932410000000  -4.1739960000000
H50    -1.2159560000000   2.7045180000000  -3.8120590000000
H51    -0.5162120000000   2.1943450000000  -5.2770090000000
&
