MAEFILE: SM24_micro006.mae
&gen
&
entry_name: SM24_micro006
&zmat
C1      5.5600000000000  -4.8505000000000  -0.7518000000000
O2      4.5856000000000  -5.1033000000000   0.2501000000000
C3      3.3693000000000  -4.4631000000000   0.1469000000000
C4      2.4188000000000  -4.7214000000000   1.1546000000000
C5      1.1532000000000  -4.1050000000000   1.1279000000000
C6      0.8089000000000  -3.2149000000000   0.0900000000000
C7      1.7556000000000  -2.9622000000000  -0.9246000000000
C8      3.0239000000000  -3.5727000000000  -0.8994000000000
C9     -0.5132000000000  -2.5686000000000   0.0605000000000
C10    -1.7533000000000  -3.1771000000000   0.0165000000000
C11    -2.1635000000000  -4.5792000000000  -0.0341000000000
C12    -3.3656000000000  -4.9924000000000   0.5796000000000
C13    -3.7729000000000  -6.3392000000000   0.5301000000000
C14    -2.9943000000000  -7.3053000000000  -0.1372000000000
C15    -1.7920000000000  -6.8926000000000  -0.7622000000000
C16    -1.3870000000000  -5.5447000000000  -0.7107000000000
O17    -3.4641000000000  -8.6014000000000  -0.1374000000000
C18    -2.6959000000000  -9.5897000000000  -0.8082000000000
O19    -2.7975000000000  -2.2586000000000  -0.0017000000000
C20    -2.2354000000000  -0.9961000000000   0.0324000000000
C21    -0.8481000000000  -1.1884000000000   0.0816000000000
N22    -2.8893000000000   0.1996000000000   0.0292000000000
C23    -2.0189000000000   1.2159000000000   0.0846000000000
N24    -0.6801000000000   1.1755000000000   0.1496000000000
C25    -0.0414000000000  -0.0240000000000   0.1567000000000
N26     1.3548000000000  -0.0633000000000   0.2631000000000
C27     2.1415000000000   1.1223000000000  -0.0391000000000
C28     3.6439000000000   0.8152000000000  -0.0077000000000
O29     4.0342000000000   0.1898000000000  -1.2121000000000
H30     6.4629000000000  -5.4180000000000  -0.5269000000000
H31     5.2107000000000  -5.1648000000000  -1.7362000000000
H32     5.8340000000000  -3.7951000000000  -0.7851000000000
H33     2.6629000000000  -5.3992000000000   1.9593000000000
H34     0.4425000000000  -4.3182000000000   1.9132000000000
H35     1.5105000000000  -2.2869000000000  -1.7316000000000
H36     3.7138000000000  -3.3402000000000  -1.6962000000000
H37    -3.9836000000000  -4.2767000000000   1.1020000000000
H38    -4.6945000000000  -6.6337000000000   1.0102000000000
H39    -1.1619000000000  -7.5911000000000  -1.2914000000000
H40    -0.4711000000000  -5.2577000000000  -1.2054000000000
H41    -3.1928000000000 -10.5555000000000  -0.7168000000000
H42    -2.6020000000000  -9.3672000000000  -1.8718000000000
H43    -1.7018000000000  -9.6880000000000  -0.3703000000000
H44    -2.4554000000000   2.2036000000000   0.0831000000000
H45     1.8154000000000  -0.9601000000000   0.2002000000000
H46     1.9170000000000   1.8751000000000   0.7174000000000
H47     1.8508000000000   1.5411000000000  -1.0036000000000
H48     3.9114000000000   0.1946000000000   0.8485000000000
H49     4.2062000000000   1.7449000000000   0.0808000000000
H50     4.9672000000000   0.0415000000000  -1.1846000000000
&
