MAEFILE: SM24_micro035.mae
&gen
molchg=3
&
entry_name: SM24_micro035
&zmat
C1      5.6116000000000  -4.4230000000000  -0.7762000000000
O2      4.7186000000000  -4.5819000000000   0.3166000000000
C3      3.4650000000000  -4.0186000000000   0.2163000000000
C4      2.6051000000000  -4.1660000000000   1.3226000000000
C5      1.3096000000000  -3.6160000000000   1.3066000000000
C6      0.8476000000000  -2.9022000000000   0.1826000000000
C7      1.7021000000000  -2.7580000000000  -0.9290000000000
C8      2.9970000000000  -3.3111000000000  -0.9183000000000
C9     -0.5068000000000  -2.3351000000000   0.1670000000000
C10    -1.7107000000000  -3.0108000000000   0.0766000000000
C11    -2.0355000000000  -4.4280000000000  -0.0614000000000
C12    -3.2313000000000  -4.9429000000000   0.4845000000000
C13    -3.5556000000000  -6.3063000000000   0.3498000000000
C14    -2.6993000000000  -7.1881000000000  -0.3381000000000
C15    -1.5020000000000  -6.6743000000000  -0.8931000000000
C16    -1.1792000000000  -5.3107000000000  -0.7555000000000
O17    -3.0929000000000  -8.5060000000000  -0.4268000000000
C18    -2.2532000000000  -9.4068000000000  -1.1339000000000
O19    -2.8087000000000  -2.1534000000000   0.1183000000000
C20    -2.3112000000000  -0.8713000000000   0.2433000000000
C21    -0.9176000000000  -0.9837000000000   0.2736000000000
N22    -2.9759000000000   0.3101000000000   0.3360000000000
C23    -2.2521000000000   1.4497000000000   0.4727000000000
N24    -0.8910000000000   1.4007000000000   0.5165000000000
C25    -0.1991000000000   0.2312000000000   0.4198000000000
N26     1.3019000000000   0.3234000000000   0.5072000000000
C27     1.9678000000000   0.8806000000000  -0.6881000000000
C28     3.4809000000000   1.0151000000000  -0.4707000000000
O29     4.0713000000000  -0.2619000000000  -0.3719000000000
H30    -3.9959000000000   0.3379000000000   0.3094000000000
H31    -0.3720000000000   2.2722000000000   0.6276000000000
H32     1.5709000000000   0.8956000000000   1.2953000000000
H33     1.6968000000000  -0.5952000000000   0.6573000000000
H34     6.5582000000000  -4.9095000000000  -0.5405000000000
H35     5.2196000000000  -4.8866000000000  -1.6825000000000
H36     5.8211000000000  -3.3701000000000  -0.9698000000000
H37     2.9425000000000  -4.7085000000000   2.1938000000000
H38     0.6679000000000  -3.7468000000000   2.1658000000000
H39     1.3630000000000  -2.2247000000000  -1.8050000000000
H40     3.6145000000000  -3.1750000000000  -1.7931000000000
H41    -3.9108000000000  -4.2961000000000   1.0201000000000
H42    -4.4735000000000  -6.6803000000000   0.7794000000000
H43    -0.8133000000000  -7.3062000000000  -1.4331000000000
H44    -0.2642000000000  -4.9504000000000  -1.2008000000000
H45    -2.7017000000000 -10.4000000000000  -1.1232000000000
H46    -2.1379000000000  -9.1091000000000  -2.1770000000000
H47    -1.2696000000000  -9.4838000000000  -0.6688000000000
H48    -2.7581000000000   2.4005000000000   0.5542000000000
H49     1.5499000000000   1.8655000000000  -0.8992000000000
H50     1.7580000000000   0.2542000000000  -1.5560000000000
H51     3.7005000000000   1.5935000000000   0.4272000000000
H52     3.9350000000000   1.5402000000000  -1.3116000000000
H53     5.0069000000000  -0.1572000000000  -0.2803000000000
&
