MAEFILE: SM24_micro010.mae
&gen
molchg=1
&
entry_name: SM24_micro010
&zmat
C1      5.6280000000000  -4.7979000000000  -0.7389000000000
O2      4.6558000000000  -5.0624000000000   0.2619000000000
C3      3.4321000000000  -4.4368000000000   0.1577000000000
C4      2.4820000000000  -4.7109000000000   1.1616000000000
C5      1.2089000000000  -4.1106000000000   1.1332000000000
C6      0.8565000000000  -3.2199000000000   0.0986000000000
C7      1.8026000000000  -2.9521000000000  -0.9127000000000
C8      3.0781000000000  -3.5474000000000  -0.8866000000000
C9     -0.4735000000000  -2.5900000000000   0.0688000000000
C10    -1.7071000000000  -3.2132000000000   0.0219000000000
C11    -2.1021000000000  -4.6189000000000  -0.0322000000000
C12    -3.3019000000000  -5.0459000000000   0.5767000000000
C13    -3.6957000000000  -6.3964000000000   0.5214000000000
C14    -2.9058000000000  -7.3527000000000  -0.1462000000000
C15    -1.7049000000000  -6.9267000000000  -0.7648000000000
C16    -1.3134000000000  -5.5751000000000  -0.7083000000000
O17    -3.3639000000000  -8.6529000000000  -0.1530000000000
C18    -2.5815000000000  -9.6330000000000  -0.8193000000000
O19    -2.7624000000000  -2.3062000000000   0.0018000000000
C20    -2.2075000000000  -1.0419000000000   0.0392000000000
C21    -0.8247000000000  -1.2137000000000   0.0907000000000
N22    -2.8348000000000   0.1605000000000   0.0359000000000
C23    -2.0413000000000   1.2398000000000   0.0912000000000
N24    -0.6991000000000   1.1601000000000   0.1585000000000
C25    -0.0412000000000  -0.0338000000000   0.1664000000000
N26     1.3551000000000  -0.0517000000000   0.2738000000000
C27     2.1284000000000   1.1422000000000  -0.0316000000000
C28     3.6328000000000   0.8434000000000  -0.0349000000000
O29     3.9946000000000   0.2194000000000  -1.2484000000000
H30    -3.8519000000000   0.2285000000000  -0.0070000000000
H31     6.5369000000000  -5.3558000000000  -0.5141000000000
H32     5.2824000000000  -5.1143000000000  -1.7240000000000
H33     5.8907000000000  -3.7395000000000  -0.7703000000000
H34     2.7319000000000  -5.3894000000000   1.9643000000000
H35     0.4985000000000  -4.3374000000000   1.9149000000000
H36     1.5516000000000  -2.2785000000000  -1.7193000000000
H37     3.7672000000000  -3.3049000000000  -1.6812000000000
H38    -3.9296000000000  -4.3385000000000   1.0990000000000
H39    -4.6161000000000  -6.7018000000000   0.9973000000000
H40    -1.0658000000000  -7.6176000000000  -1.2932000000000
H41    -0.3984000000000  -5.2786000000000  -1.1992000000000
H42    -3.0685000000000 -10.6040000000000  -0.7298000000000
H43    -2.4841000000000  -9.4096000000000  -1.8826000000000
H44    -1.5889000000000  -9.7205000000000  -0.3755000000000
H45    -2.5297000000000   2.2031000000000   0.0878000000000
H46     1.8291000000000  -0.9421000000000   0.2153000000000
H47     1.9154000000000   1.8855000000000   0.7375000000000
H48     1.8175000000000   1.5702000000000  -0.9859000000000
H49     3.9238000000000   0.2234000000000   0.8141000000000
H50     4.1936000000000   1.7755000000000   0.0396000000000
H51     4.9299000000000   0.0823000000000  -1.2482000000000
&
