MAEFILE: SM24_micro020.mae
&gen
molchg=2
&
entry_name: SM24_micro020
&zmat
C1     -4.9289000000000   1.0033000000000   0.3190000000000
O2     -4.1772000000000  -0.0973000000000  -0.1713000000000
C3     -2.8027000000000  -0.0266000000000  -0.1030000000000
C4     -2.0780000000000  -1.1346000000000  -0.5849000000000
C5     -0.6709000000000  -1.1450000000000  -0.5535000000000
C6      0.0447000000000  -0.0439000000000  -0.0402000000000
C7     -0.6785000000000   1.0643000000000   0.4481000000000
C8     -2.0860000000000   1.0790000000000   0.4175000000000
C9      1.5151000000000  -0.0534000000000  -0.0106000000000
C10     2.3231000000000  -0.9518000000000   0.6620000000000
C11     2.0554000000000  -2.0932000000000   1.5338000000000
C12     0.9111000000000  -2.1311000000000   2.3597000000000
C13     0.6669000000000  -3.2334000000000   3.2006000000000
C14     1.5598000000000  -4.3220000000000   3.2426000000000
C15     2.7136000000000  -4.2839000000000   2.4219000000000
C16     2.9558000000000  -3.1795000000000   1.5822000000000
O17     1.2461000000000  -5.3606000000000   4.0927000000000
C18     2.1278000000000  -6.4729000000000   4.1414000000000
O19     3.6567000000000  -0.6581000000000   0.4463000000000
C20     3.6410000000000   0.4271000000000  -0.3624000000000
C21     2.3993000000000   0.8358000000000  -0.6798000000000
N22     4.7443000000000   1.1018000000000  -0.8576000000000
C23     4.5284000000000   2.1719000000000  -1.6574000000000
N24     3.2947000000000   2.6046000000000  -2.0130000000000
C25     2.1896000000000   1.9701000000000  -1.5663000000000
N26     0.9595000000000   2.3688000000000  -1.9401000000000
C27     0.6481000000000   3.4931000000000  -2.8299000000000
C28    -0.8657000000000   3.7045000000000  -2.9394000000000
O29    -1.1196000000000   4.8028000000000  -3.7855000000000
H30     5.6672000000000   0.7793000000000  -0.6003000000000
H31     3.2030000000000   3.4043000000000  -2.6236000000000
H32    -5.9918000000000   0.7937000000000   0.2000000000000
H33    -4.7438000000000   1.1725000000000   1.3806000000000
H34    -4.7085000000000   1.9158000000000  -0.2367000000000
H35    -2.6075000000000  -1.9884000000000  -0.9823000000000
H36    -0.1392000000000  -2.0085000000000  -0.9268000000000
H37    -0.1513000000000   1.9151000000000   0.8546000000000
H38    -2.5939000000000   1.9501000000000   0.8028000000000
H39     0.2098000000000  -1.3103000000000   2.3634000000000
H40    -0.2159000000000  -3.2416000000000   3.8232000000000
H41     3.4305000000000  -5.0908000000000   2.4182000000000
H42     3.8427000000000  -3.1781000000000   0.9657000000000
H43     1.7463000000000  -7.2035000000000   4.8543000000000
H44     2.2007000000000  -6.9658000000000   3.1710000000000
H45     3.1245000000000  -6.1788000000000   4.4733000000000
H46     5.3890000000000   2.7099000000000  -2.0360000000000
H47     0.1672000000000   1.8458000000000  -1.5929000000000
H48     1.0746000000000   3.2966000000000  -3.8141000000000
H49     1.1248000000000   4.3938000000000  -2.4415000000000
H50    -1.3039000000000   3.8989000000000  -1.9598000000000
H51    -1.3528000000000   2.8188000000000  -3.3486000000000
H52    -2.0549000000000   4.9245000000000  -3.8535000000000
&
