MAEFILE: SM02_micro002.mae
&gen
&
entry_name: SM02_micro002
&zmat
C1     -4.0134000000000   2.7389000000000  -1.4137000000000
C2     -4.6345000000000   1.5698000000000  -1.8921000000000
C3     -3.9170000000000   0.3614000000000  -1.9409000000000
C4     -2.5774000000000   0.3212000000000  -1.5120000000000
C5     -1.9504000000000   1.4945000000000  -1.0307000000000
C6     -2.6718000000000   2.7211000000000  -0.9782000000000
C7     -0.6014000000000   1.5199000000000  -0.5865000000000
N8     -0.0494000000000   2.6659000000000  -0.1250000000000
C9     -0.8121000000000   3.7589000000000  -0.1195000000000
N10    -2.0810000000000   3.8465000000000  -0.5185000000000
N11     0.1728000000000   0.3450000000000  -0.5837000000000
C12     1.5500000000000   0.1804000000000  -0.3636000000000
C13     1.9892000000000  -1.0303000000000   0.2104000000000
C14     3.3597000000000  -1.2587000000000   0.4357000000000
C15     4.3056000000000  -0.2797000000000   0.0792000000000
C16     3.8852000000000   0.9324000000000  -0.5090000000000
C17     2.5091000000000   1.1505000000000  -0.7379000000000
C18     4.9026000000000   1.9869000000000  -0.9185000000000
F19     4.4027000000000   3.2122000000000  -0.7543000000000
F20     6.0153000000000   1.8908000000000  -0.1898000000000
F21     5.2157000000000   1.8194000000000  -2.2027000000000
H22    -4.5750000000000   3.6611000000000  -1.3804000000000
H23    -5.6625000000000   1.6008000000000  -2.2217000000000
H24    -4.3939000000000  -0.5356000000000  -2.3084000000000
H25    -2.0444000000000  -0.6167000000000  -1.5604000000000
H26    -0.3552000000000   4.6663000000000   0.2470000000000
H27    -0.3538000000000  -0.5107000000000  -0.6814000000000
H28     1.2731000000000  -1.7907000000000   0.4868000000000
H29     3.6861000000000  -2.1871000000000   0.8807000000000
H30     5.3548000000000  -0.4689000000000   0.2520000000000
H31     2.2012000000000   2.0657000000000  -1.2202000000000
&
