MAEFILE: SM02_micro004.mae
&gen
molchg=1
&
entry_name: SM02_micro004
&zmat
C1     -4.3690000000000   2.4507000000000  -0.0191000000000
C2     -4.9625000000000   1.1744000000000   0.0397000000000
C3     -4.1568000000000   0.0181000000000   0.0720000000000
C4     -2.7516000000000   0.1271000000000   0.0483000000000
C5     -2.1480000000000   1.4048000000000  -0.0101000000000
C6     -2.9655000000000   2.5628000000000  -0.0446000000000
C7     -0.6757000000000   1.6274000000000  -0.0410000000000
N8     -0.1389000000000   2.8829000000000  -0.1055000000000
C9     -0.9365000000000   3.9109000000000  -0.1352000000000
N10    -2.3228000000000   3.8040000000000  -0.1060000000000
N11     0.0864000000000   0.5763000000000  -0.0073000000000
C12     1.5206000000000   0.3370000000000  -0.0114000000000
C13     1.9172000000000  -1.0153000000000  -0.0368000000000
C14     3.2835000000000  -1.3518000000000  -0.0368000000000
C15     4.2599000000000  -0.3383000000000  -0.0145000000000
C16     3.8757000000000   1.0204000000000   0.0070000000000
C17     2.5040000000000   1.3558000000000   0.0162000000000
C18     4.9217000000000   2.1252000000000   0.0375000000000
F19     4.5676000000000   3.1179000000000  -0.7791000000000
F20     5.0187000000000   2.6030000000000   1.2775000000000
F21     6.1186000000000   1.6781000000000  -0.3445000000000
H22    -2.9220000000000   4.6169000000000  -0.1296000000000
H23    -0.4364000000000  -0.2930000000000   0.0221000000000
H24    -4.9902000000000   3.3341000000000  -0.0451000000000
H25    -6.0385000000000   1.0815000000000   0.0589000000000
H26    -4.6199000000000  -0.9569000000000   0.1150000000000
H27    -2.1575000000000  -0.7745000000000   0.0744000000000
H28    -0.5584000000000   4.9332000000000  -0.1852000000000
H29     1.1769000000000  -1.8020000000000  -0.0546000000000
H30     3.5837000000000  -2.3892000000000  -0.0534000000000
H31     5.3045000000000  -0.6127000000000  -0.0115000000000
H32     2.2463000000000   2.4008000000000   0.0492000000000
&
