MAEFILE: SM02_micro008.mae
&gen
molchg=2
&
entry_name: SM02_micro008
&zmat
C1     -3.7545000000000   2.5624000000000  -0.9506000000000
C2     -4.3067000000000   1.2718000000000  -0.8258000000000
C3     -3.5989000000000   0.2608000000000  -0.1451000000000
C4     -2.3342000000000   0.5321000000000   0.4135000000000
C5     -1.7780000000000   1.8235000000000   0.2864000000000
C6     -2.4907000000000   2.8416000000000  -0.3939000000000
C7     -0.5231000000000   2.1950000000000   0.8057000000000
N8     -0.0212000000000   3.4380000000000   0.6827000000000
C9     -0.7508000000000   4.3514000000000   0.0279000000000
N10    -1.9542000000000   4.0844000000000  -0.5065000000000
N11     0.3609000000000   1.2348000000000   1.5570000000000
C12     1.4807000000000   0.6935000000000   0.7110000000000
C13     1.2597000000000  -0.4465000000000  -0.0846000000000
C14     2.3128000000000  -0.9430000000000  -0.8763000000000
C15     3.5700000000000  -0.3044000000000  -0.8637000000000
C16     3.7890000000000   0.8354000000000  -0.0556000000000
C17     2.7324000000000   1.3370000000000   0.7348000000000
C18     5.1386000000000   1.5366000000000  -0.0395000000000
F19     5.0576000000000   2.6550000000000  -0.7589000000000
F20     5.4730000000000   1.8529000000000   1.2116000000000
F21     6.0997000000000   0.7660000000000  -0.5493000000000
H22    -2.4750000000000   4.8122000000000  -0.9967000000000
H23     0.7488000000000   1.7023000000000   2.3640000000000
H24    -0.1958000000000   0.4685000000000   1.9070000000000
H25    -4.3072000000000   3.3306000000000  -1.4724000000000
H26    -5.2763000000000   1.0568000000000  -1.2513000000000
H27    -4.0301000000000  -0.7257000000000  -0.0511000000000
H28    -1.8079000000000  -0.2540000000000   0.9343000000000
H29    -0.3795000000000   5.3587000000000  -0.0924000000000
H30     0.2976000000000  -0.9370000000000  -0.0956000000000
H31     2.1580000000000  -1.8145000000000  -1.4958000000000
H32     4.3646000000000  -0.6974000000000  -1.4810000000000
H33     2.8827000000000   2.2122000000000   1.3503000000000
&
