MAEFILE: SM02_micro014.mae
&gen
molchg=3
&
entry_name: SM02_micro014
&zmat
C1     -0.6669000000000   5.4656000000000   1.0239000000000
C2     -0.3567000000000   5.4172000000000   2.3971000000000
C3      0.0985000000000   4.2176000000000   2.9800000000000
C4      0.2501000000000   3.0574000000000   2.1949000000000
C5     -0.0533000000000   3.0971000000000   0.8167000000000
C6     -0.5172000000000   4.3084000000000   0.2348000000000
C7      0.0782000000000   1.9734000000000  -0.0343000000000
N8     -0.2437000000000   2.0685000000000  -1.3452000000000
C9     -0.6848000000000   3.2333000000000  -1.8733000000000
N10    -0.8142000000000   4.3290000000000  -1.0880000000000
N11     0.5570000000000   0.6226000000000   0.4371000000000
C12     2.0184000000000   0.3876000000000   0.1613000000000
C13     2.9715000000000   0.7334000000000   1.1377000000000
C14     4.3359000000000   0.5133000000000   0.8699000000000
C15     4.7332000000000  -0.0475000000000  -0.3610000000000
C16     3.7727000000000  -0.3970000000000  -1.3364000000000
C17     2.4024000000000  -0.1786000000000  -1.0692000000000
C18     4.2298000000000  -0.9978000000000  -2.6567000000000
F19     3.2004000000000  -1.2747000000000  -3.4579000000000
F20     5.0313000000000  -0.1354000000000  -3.2808000000000
F21     4.9026000000000  -2.1242000000000  -2.4248000000000
H22    -0.1514000000000   1.2498000000000  -1.9469000000000
H23    -1.1487000000000   5.1987000000000  -1.5046000000000
H24     0.3914000000000   0.5375000000000   1.4305000000000
H25     0.0127000000000  -0.1057000000000  -0.0037000000000
H26    -1.0184000000000   6.3890000000000   0.5857000000000
H27    -0.4700000000000   6.3022000000000   3.0067000000000
H28     0.3312000000000   4.1880000000000   4.0348000000000
H29     0.5958000000000   2.1474000000000   2.6627000000000
H30    -0.9348000000000   3.2895000000000  -2.9226000000000
H31     2.6694000000000   1.1603000000000   2.0824000000000
H32     5.0802000000000   0.7731000000000   1.6089000000000
H33     5.7828000000000  -0.2123000000000  -0.5576000000000
H34     1.6503000000000  -0.4410000000000  -1.7985000000000
&
