MAEFILE: SM03_micro009.mae
&gen
&
entry_name: SM03_micro009
&zmat
C1     -5.0469000000000  -0.4837000000000  -1.1026000000000
C2     -5.6551000000000  -1.0607000000000  -2.2344000000000
C3     -5.4651000000000  -0.4861000000000  -3.5061000000000
C4     -4.6658000000000   0.6651000000000  -3.6460000000000
C5     -4.0569000000000   1.2422000000000  -2.5146000000000
C6     -4.2461000000000   0.6699000000000  -1.2388000000000
C7     -3.5863000000000   1.2853000000000  -0.0193000000000
C8     -2.3217000000000   0.5838000000000   0.3496000000000
N9     -2.2480000000000  -0.3052000000000   1.3436000000000
N10    -0.9706000000000  -0.8253000000000   1.4866000000000
C11    -0.1003000000000  -0.3323000000000   0.5943000000000
S12    -0.8088000000000   0.8530000000000  -0.4999000000000
N13     1.1866000000000  -0.7129000000000   0.5533000000000
C14     1.5408000000000  -1.8164000000000  -0.1524000000000
O15     0.7925000000000  -2.5715000000000  -0.7749000000000
C16     2.9983000000000  -2.1191000000000  -0.1462000000000
C17     3.6714000000000  -3.1576000000000  -0.7421000000000
C18     5.0799000000000  -3.1249000000000  -0.5202000000000
C19     5.4750000000000  -2.0602000000000   0.2444000000000
S20     4.1199000000000  -1.0706000000000   0.7111000000000
H21    -0.1101000000000  -2.5953000000000  -0.3175000000000
H22    -5.1930000000000  -0.9302000000000  -0.1297000000000
H23    -6.2667000000000  -1.9444000000000  -2.1270000000000
H24    -5.9315000000000  -0.9286000000000  -4.3739000000000
H25    -4.5191000000000   1.1053000000000  -4.6213000000000
H26    -3.4423000000000   2.1231000000000  -2.6293000000000
H27    -4.2781000000000   1.2559000000000   0.8238000000000
H28    -3.3656000000000   2.3371000000000  -0.2046000000000
H29     3.2058000000000  -3.9375000000000  -1.3267000000000
H30     5.7452000000000  -3.8739000000000  -0.9238000000000
H31     6.4733000000000  -1.7971000000000   0.5615000000000
&
