MAEFILE: SM03_micro015.mae
&gen
molchg=1
&
entry_name: SM03_micro015
&zmat
C1     -3.2491000000000   3.2353000000000   1.1765000000000
C2     -3.5737000000000   4.1766000000000   2.1725000000000
C3     -4.5225000000000   3.8562000000000   3.1626000000000
C4     -5.1467000000000   2.5938000000000   3.1566000000000
C5     -4.8223000000000   1.6515000000000   2.1611000000000
C6     -3.8719000000000   1.9692000000000   1.1678000000000
C7     -3.5139000000000   0.9540000000000   0.0990000000000
C8     -2.2224000000000   0.2626000000000   0.3886000000000
N9     -2.1706000000000  -0.7237000000000   1.2870000000000
N10    -0.9402000000000  -1.2323000000000   1.4397000000000
C11    -0.0568000000000  -0.6046000000000   0.6301000000000
S12    -0.7298000000000   0.6842000000000  -0.3838000000000
N13     1.2452000000000  -0.9322000000000   0.6240000000000
C14     1.7032000000000  -1.9066000000000  -0.2026000000000
O15     1.0430000000000  -2.5943000000000  -0.9830000000000
C16     3.1707000000000  -2.1448000000000  -0.1281000000000
C17     3.9400000000000  -3.0469000000000  -0.8221000000000
C18     5.3251000000000  -2.9903000000000  -0.4870000000000
C19     5.6063000000000  -2.0449000000000   0.4623000000000
S20     4.1703000000000  -1.1982000000000   0.9665000000000
H21    -2.9313000000000  -1.0978000000000   1.8399000000000
H22     1.1964000000000  -3.5732000000000  -0.7779000000000
H23    -2.5194000000000   3.4871000000000   0.4208000000000
H24    -3.0946000000000   5.1446000000000   2.1774000000000
H25    -4.7713000000000   4.5787000000000   3.9261000000000
H26    -5.8746000000000   2.3482000000000   3.9158000000000
H27    -5.3051000000000   0.6852000000000   2.1649000000000
H28    -3.4430000000000   1.4562000000000  -0.8665000000000
H29    -4.3070000000000   0.2109000000000   0.0049000000000
H30     3.5619000000000  -3.7433000000000  -1.5562000000000
H31     6.0572000000000  -3.6370000000000  -0.9480000000000
H32     6.5639000000000  -1.7940000000000   0.8944000000000
&
