MAEFILE: SM03_micro023.mae
&gen
molchg=1
&
entry_name: SM03_micro023
&zmat
C1     -0.8755000000000   2.1112000000000  -1.1562000000000
C2     -1.4258000000000   3.4077000000000  -1.1640000000000
C3     -1.6499000000000   4.0857000000000   0.0499000000000
C4     -1.3225000000000   3.4674000000000   1.2721000000000
C5     -0.7711000000000   2.1713000000000   1.2809000000000
C6     -0.5458000000000   1.4882000000000   0.0666000000000
C7      0.0526000000000   0.0942000000000   0.0755000000000
C8      1.5317000000000   0.0263000000000  -0.1192000000000
N9      2.1260000000000  -0.0339000000000  -1.2547000000000
N10     3.4758000000000  -0.0770000000000  -1.1958000000000
C11     4.0373000000000  -0.0464000000000   0.0813000000000
S12     2.6554000000000   0.0389000000000   1.2581000000000
N13     5.2920000000000  -0.0682000000000   0.4182000000000
C14     6.3060000000000  -0.1387000000000  -0.5337000000000
O15     6.1894000000000  -0.2303000000000  -1.7599000000000
C16     7.6640000000000  -0.0853000000000   0.0556000000000
C17     8.0905000000000  -0.0480000000000   1.3612000000000
C18     9.5102000000000  -0.0042000000000   1.4884000000000
C19    10.1536000000000  -0.0100000000000   0.2796000000000
S20     9.0249000000000  -0.0705000000000  -1.0462000000000
H21     1.6173000000000  -0.0397000000000  -2.1335000000000
H22     3.9638000000000  -0.1209000000000  -2.0798000000000
H23    -0.7055000000000   1.5984000000000  -2.0915000000000
H24    -1.6758000000000   3.8830000000000  -2.1011000000000
H25    -2.0721000000000   5.0800000000000   0.0433000000000
H26    -1.4937000000000   3.9878000000000   2.2030000000000
H27    -0.5198000000000   1.7050000000000   2.2224000000000
H28    -0.4314000000000  -0.5013000000000  -0.6999000000000
H29    -0.1950000000000  -0.3938000000000   1.0190000000000
H30     7.4408000000000  -0.0499000000000   2.2242000000000
H31    10.0027000000000   0.0292000000000   2.4490000000000
H32    11.2161000000000   0.0167000000000   0.0875000000000
&
