MAEFILE: SM03_micro013.mae
&gen
&
entry_name: SM03_micro013
&zmat
C1     -0.7743000000000   2.1332000000000  -1.2855000000000
C2     -1.2823000000000   3.4467000000000  -1.2659000000000
C3     -1.5503000000000   4.0806000000000  -0.0374000000000
C4     -1.3099000000000   3.4009000000000   1.1723000000000
C5     -0.8022000000000   2.0873000000000   1.1537000000000
C6     -0.5314000000000   1.4486000000000  -0.0755000000000
C7      0.0167000000000   0.0331000000000  -0.0953000000000
C8      1.5132000000000   0.0022000000000   0.0326000000000
N9      2.1548000000000  -0.0967000000000   1.1368000000000
N10     3.4634000000000  -0.0948000000000   0.9309000000000
C11     3.9562000000000   0.0053000000000  -0.3687000000000
S12     2.5043000000000   0.1120000000000  -1.4328000000000
N13     5.1886000000000   0.0214000000000  -0.7805000000000
C14     6.2572000000000  -0.0654000000000   0.1076000000000
O15     6.2155000000000  -0.1531000000000   1.3388000000000
C16     7.5771000000000  -0.0368000000000  -0.5649000000000
C17     7.9221000000000  -0.0191000000000  -1.8948000000000
C18     9.3318000000000   0.0031000000000  -2.1102000000000
C19    10.0490000000000  -0.0004000000000  -0.9437000000000
S20     9.0040000000000  -0.0326000000000   0.4502000000000
H21     4.0814000000000  -0.1653000000000   1.7269000000000
H22    -0.5695000000000   1.6536000000000  -2.2315000000000
H23    -1.4660000000000   3.9680000000000  -2.1937000000000
H24    -1.9403000000000   5.0875000000000  -0.0227000000000
H25    -1.5146000000000   3.8869000000000   2.1148000000000
H26    -0.6185000000000   1.5718000000000   2.0851000000000
H27    -0.2876000000000  -0.4612000000000  -1.0186000000000
H28    -0.4393000000000  -0.5373000000000   0.7150000000000
H29     7.2198000000000  -0.0205000000000  -2.7156000000000
H30     9.7641000000000   0.0205000000000  -3.0998000000000
H31    11.1215000000000   0.0132000000000  -0.8179000000000
&
