MAEFILE: SM03_micro021.mae
&gen
molchg=1
&
entry_name: SM03_micro021
&zmat
C1     -0.2190000000000   1.9590000000000  -1.2200000000000
C2     -0.4240000000000   3.3400000000000  -1.2590000000000
C3     -0.7540000000000   4.0310000000000  -0.0950000000000
C4     -0.8860000000000   3.3410000000000   1.1070000000000
C5     -0.6820000000000   1.9600000000000   1.1490000000000
C6     -0.3340000000000   1.2540000000000  -0.0130000000000
C7     -0.1080000000000  -0.2450000000000   0.0360000000000
C8      1.3410000000000  -0.7410000000000   0.1720000000000
N9      2.0560000000000  -0.1390000000000   1.3300000000000
N10     3.5110000000000  -0.0390000000000   1.1200000000000
C11     3.7670000000000  -0.1330000000000  -0.1460000000000
S12     2.4390000000000  -0.3890000000000  -1.2380000000000
N13     4.9830000000000  -0.0600000000000  -0.7570000000000
C14     6.2000000000000   0.1420000000000  -0.1280000000000
O15     6.2870000000000   0.2820000000000   1.0950000000000
C16     7.3640000000000   0.1790000000000  -1.0180000000000
C17     7.4650000000000   0.0090000000000  -2.3890000000000
C18     8.8060000000000   0.1240000000000  -2.8650000000000
C19     9.6950000000000   0.3780000000000  -1.8480000000000
S20     8.9170000000000   0.4760000000000  -0.3320000000000
H21     1.6900000000000   0.8000000000000   1.5300000000000
H22     0.0250000000000   1.4400000000000  -2.1470000000000
H23    -0.3290000000000   3.8760000000000  -2.2020000000000
H24    -0.9150000000000   5.1060000000000  -0.1270000000000
H25    -1.1540000000000   3.8780000000000   2.0150000000000
H26    -0.8060000000000   1.4420000000000   2.1000000000000
H27    -0.5660000000000  -0.6960000000000  -0.8550000000000
H28    -0.6860000000000  -0.6470000000000   0.8800000000000
H29     4.9590000000000  -0.1580000000000  -1.7600000000000
H30     6.6290000000000  -0.1930000000000  -3.0490000000000
H31     9.1000000000000   0.0250000000000  -3.9040000000000
H32    10.7670000000000   0.5110000000000  -1.9240000000000
H33     1.8590000000000  -0.6830000000000   2.1810000000000
&
