MAEFILE: SM03_micro012.mae
&gen
&
entry_name: SM03_micro012
&zmat
C1     -0.8489000000000   2.0380000000000  -1.2030000000000
C2     -1.3775000000000   3.3433000000000  -1.2316000000000
C3     -1.5956000000000   4.0417000000000  -0.0282000000000
C4     -1.2843000000000   3.4350000000000   1.2041000000000
C5     -0.7556000000000   2.1298000000000   1.2334000000000
C6     -0.5371000000000   1.4268000000000   0.0299000000000
C7      0.0361000000000   0.0230000000000   0.0618000000000
C8      1.5280000000000   0.0215000000000   0.0206000000000
N9      2.2829000000000   0.0603000000000   1.1256000000000
N10     3.6400000000000   0.0526000000000   0.8362000000000
C11     3.8695000000000   0.0081000000000  -0.4833000000000
S12     2.4314000000000  -0.0268000000000  -1.4889000000000
N13     5.1672000000000  -0.0156000000000  -1.0590000000000
C14     6.3618000000000   0.0111000000000  -0.4377000000000
O15     6.5093000000000   0.0780000000000   0.7834000000000
C16     7.5315000000000  -0.0442000000000  -1.3421000000000
C17     7.6245000000000  -0.1326000000000  -2.7099000000000
C18     8.9705000000000  -0.1643000000000  -3.1801000000000
C19     9.8899000000000  -0.1010000000000  -2.1671000000000
S20     9.1193000000000   0.0009000000000  -0.6076000000000
H21    -0.6814000000000   1.5085000000000  -2.1296000000000
H22    -1.6151000000000   3.8090000000000  -2.1766000000000
H23    -2.0007000000000   5.0426000000000  -0.0503000000000
H24    -1.4501000000000   3.9708000000000   2.1271000000000
H25    -0.5157000000000   1.6707000000000   2.1814000000000
H26    -0.3437000000000  -0.5502000000000  -0.7847000000000
H27    -0.3000000000000  -0.4930000000000   0.9623000000000
H28     5.1924000000000  -0.0626000000000  -2.0669000000000
H29     6.7834000000000  -0.1766000000000  -3.3859000000000
H30     9.2143000000000  -0.2327000000000  -4.2300000000000
H31    10.9674000000000  -0.1083000000000  -2.2405000000000
&
