MAEFILE: SM03_micro004.mae
&gen
&
entry_name: SM03_micro004
&zmat
C1     -0.7624000000000   1.9558000000000  -1.1743000000000
C2     -1.5331000000000   3.1337000000000  -1.2240000000000
C3     -2.0258000000000   3.7041000000000  -0.0343000000000
C4     -1.7480000000000   3.0963000000000   1.2053000000000
C5     -0.9792000000000   1.9173000000000   1.2556000000000
C6     -0.4838000000000   1.3432000000000   0.0657000000000
C7      0.3481000000000   0.0759000000000   0.1181000000000
C8      1.8136000000000   0.3601000000000   0.1538000000000
N9      2.4001000000000   0.7422000000000   1.2906000000000
N10     3.7158000000000   0.9556000000000   1.1584000000000
C11     4.1167000000000   0.7111000000000  -0.1099000000000
S12     2.8376000000000   0.2232000000000  -1.2368000000000
N13     5.4019000000000   0.8427000000000  -0.4725000000000
C14     6.1912000000000  -0.2575000000000  -0.5373000000000
O15     5.8773000000000  -1.4248000000000  -0.2943000000000
C16     7.5857000000000   0.0701000000000  -0.9167000000000
C17     8.1382000000000   1.1650000000000  -1.5379000000000
C18     9.5468000000000   1.0521000000000  -1.7297000000000
C19    10.0546000000000  -0.1312000000000  -1.2633000000000
S20     8.8075000000000  -1.1372000000000  -0.5787000000000
H21     1.9674000000000   0.8820000000000   2.1944000000000
H22    -0.3855000000000   1.5248000000000  -2.0905000000000
H23    -1.7461000000000   3.5998000000000  -2.1748000000000
H24    -2.6166000000000   4.6076000000000  -0.0727000000000
H25    -2.1249000000000   3.5347000000000   2.1174000000000
H26    -0.7702000000000   1.4568000000000   2.2103000000000
H27     0.1251000000000  -0.5421000000000  -0.7525000000000
H28     0.0747000000000  -0.5136000000000   0.9944000000000
H29     7.5857000000000   2.0364000000000  -1.8574000000000
H30    10.1292000000000   1.8310000000000  -2.1989000000000
H31    11.0784000000000  -0.4739000000000  -1.2825000000000
&
