MAEFILE: SM03_micro020.mae
&gen
molchg=1
&
entry_name: SM03_micro020
&zmat
C1     -0.7797000000000   2.1107000000000  -1.2395000000000
C2     -1.2846000000000   3.4255000000000  -1.2329000000000
C3     -1.5346000000000   4.0784000000000  -0.0104000000000
C4     -1.2790000000000   3.4163000000000   1.2060000000000
C5     -0.7739000000000   2.1016000000000   1.2004000000000
C6     -0.5213000000000   1.4442000000000  -0.0226000000000
C7      0.0287000000000   0.0297000000000  -0.0287000000000
C8      1.5431000000000  -0.0040000000000  -0.0027000000000
N9      2.2264000000000  -0.0476000000000   1.0712000000000
N10     3.6120000000000  -0.0547000000000   0.8006000000000
C11     3.9222000000000  -0.0170000000000  -0.6513000000000
S12     2.4170000000000   0.0301000000000  -1.5529000000000
N13     5.0470000000000  -0.0149000000000  -1.2571000000000
C14     6.2480000000000  -0.0535000000000  -0.5574000000000
O15     6.4080000000000  -0.0989000000000   0.6664000000000
C16     7.4384000000000  -0.0309000000000  -1.4389000000000
C17     7.5581000000000  -0.0152000000000  -2.8077000000000
C18     8.9124000000000   0.0042000000000  -3.2539000000000
C19     9.8131000000000   0.0015000000000  -2.2224000000000
S20     9.0139000000000  -0.0257000000000  -0.6745000000000
H21     3.9966000000000   0.7558000000000   1.2648000000000
H22     3.9805000000000  -0.8966000000000   1.2198000000000
H23    -0.5895000000000   1.6168000000000  -2.1814000000000
H24    -1.4800000000000   3.9337000000000  -2.1657000000000
H25    -1.9220000000000   5.0867000000000  -0.0058000000000
H26    -1.4702000000000   3.9173000000000   2.1435000000000
H27    -0.5794000000000   1.6005000000000   2.1376000000000
H28    -0.3293000000000  -0.4980000000000  -0.9136000000000
H29    -0.3623000000000  -0.5159000000000   0.8314000000000
H30     6.7299000000000  -0.0165000000000  -3.5013000000000
H31     9.1746000000000   0.0190000000000  -4.3015000000000
H32    10.8919000000000   0.0134000000000  -2.2768000000000
&
