MAEFILE: SM03_micro016.mae
&gen
molchg=1
&
entry_name: SM03_micro016
&zmat
C1     -0.5674000000000   1.8953000000000  -1.2248000000000
C2     -0.9758000000000   3.2254000000000  -1.4428000000000
C3     -1.2666000000000   4.0617000000000  -0.3478000000000
C4     -1.1486000000000   3.5676000000000   0.9657000000000
C5     -0.7395000000000   2.2377000000000   1.1847000000000
C6     -0.4471000000000   1.3971000000000   0.0899000000000
C7      0.0022000000000  -0.0328000000000   0.3240000000000
C8      1.4848000000000  -0.1787000000000   0.2248000000000
N9      2.2949000000000   0.0463000000000   1.2830000000000
N10     3.5774000000000  -0.1309000000000   0.9314000000000
C11     3.7227000000000  -0.4819000000000  -0.3495000000000
S12     2.2668000000000  -0.6400000000000  -1.2928000000000
N13     5.0524000000000  -0.6808000000000  -0.8031000000000
C14     5.4649000000000  -1.0669000000000  -2.0241000000000
O15     4.7099000000000  -1.3357000000000  -2.9588000000000
C16     6.9328000000000  -1.1619000000000  -2.1824000000000
C17     7.9653000000000  -0.8957000000000  -1.3158000000000
C18     9.2514000000000  -1.1205000000000  -1.8895000000000
C19     9.1873000000000  -1.5553000000000  -3.1866000000000
S20     7.5395000000000  -1.6962000000000  -3.7346000000000
H21     4.3009000000000   0.0074000000000   1.6258000000000
H22    -0.3438000000000   1.2601000000000  -2.0694000000000
H23    -1.0660000000000   3.6045000000000  -2.4502000000000
H24    -1.5799000000000   5.0818000000000  -0.5152000000000
H25    -1.3711000000000   4.2091000000000   1.8055000000000
H26    -0.6492000000000   1.8667000000000   2.1953000000000
H27    -0.4723000000000  -0.6876000000000  -0.4077000000000
H28    -0.3280000000000  -0.3733000000000   1.3066000000000
H29     5.7772000000000  -0.5068000000000  -0.1224000000000
H30     7.8493000000000  -0.5498000000000  -0.2992000000000
H31    10.1662000000000  -0.9576000000000  -1.3391000000000
H32    10.0033000000000  -1.7995000000000  -3.8512000000000
&
