MAEFILE: SM04_micro009.mae
&gen
&
entry_name: SM04_micro009
&zmat
C1      0.1565000000000   5.1132000000000   0.0014000000000
C2      1.5417000000000   5.3367000000000  -0.0008000000000
C3      2.4182000000000   4.2423000000000  -0.0034000000000
C4      1.9143000000000   2.9287000000000  -0.0035000000000
C5      0.5169000000000   2.6695000000000  -0.0008000000000
C6     -0.3670000000000   3.8032000000000   0.0012000000000
C7     -0.1357000000000   1.2809000000000  -0.0008000000000
N8     -1.5176000000000   1.3615000000000  -0.0018000000000
C9     -2.2835000000000   2.5117000000000   0.0004000000000
N10    -1.7742000000000   3.6994000000000   0.0023000000000
N11     0.4131000000000   0.1035000000000   0.0002000000000
C12     1.8335000000000  -0.1400000000000   0.0022000000000
C13     2.0910000000000  -1.6347000000000   0.0054000000000
C14     2.2084000000000  -2.3320000000000   1.2266000000000
C15     2.4458000000000  -3.7205000000000   1.2292000000000
C16     2.5657000000000  -4.4176000000000   0.0111000000000
Cl17    2.8555000000000  -6.1187000000000   0.0146000000000
C18     2.4476000000000  -3.7252000000000  -1.2100000000000
C19     2.2103000000000  -2.3367000000000  -1.2130000000000
H20    -2.0177000000000   0.4844000000000  -0.0029000000000
H21    -0.5126000000000   5.9617000000000   0.0030000000000
H22     1.9300000000000   6.3445000000000  -0.0007000000000
H23     3.4854000000000   4.4092000000000  -0.0054000000000
H24     2.6627000000000   2.1613000000000  -0.0058000000000
H25    -3.3614000000000   2.3435000000000   0.0007000000000
H26     2.3003000000000   0.2826000000000   0.8931000000000
H27     2.3019000000000   0.2784000000000  -0.8899000000000
H28     2.1149000000000  -1.8041000000000   2.1644000000000
H29     2.5348000000000  -4.2496000000000   2.1665000000000
H30     2.5382000000000  -4.2579000000000  -2.1452000000000
H31     2.1182000000000  -1.8125000000000  -2.1529000000000
&
