MAEFILE: SM04_micro008.mae
&gen
molchg=1
&
entry_name: SM04_micro008
&zmat
C1     -3.7273000000000   3.2931000000000  -0.0007000000000
C2     -4.6446000000000   2.2245000000000  -0.0001000000000
C3     -4.1812000000000   0.8957000000000   0.0004000000000
C4     -2.7989000000000   0.6325000000000   0.0003000000000
C5     -1.8809000000000   1.7061000000000  -0.0003000000000
C6     -2.3375000000000   3.0538000000000  -0.0009000000000
C7     -0.4780000000000   1.5258000000000  -0.0002000000000
N8      0.3919000000000   2.5598000000000  -0.0009000000000
C9     -0.1489000000000   3.7801000000000  -0.0015000000000
N10    -1.4513000000000   4.0771000000000  -0.0015000000000
N11     0.1297000000000   0.1357000000000   0.0010000000000
C12     1.6039000000000   0.0202000000000   0.0011000000000
C13     2.0203000000000  -1.4371000000000   0.0043000000000
C14     2.2122000000000  -2.1172000000000   1.2257000000000
C15     2.5954000000000  -3.4727000000000   1.2283000000000
C16     2.7881000000000  -4.1535000000000   0.0103000000000
Cl17    3.2568000000000  -5.8138000000000   0.0140000000000
C18     2.5969000000000  -3.4776000000000  -1.2107000000000
C19     2.2137000000000  -2.1221000000000  -1.2141000000000
H20    -0.1969000000000  -0.3673000000000   0.8134000000000
H21    -0.1970000000000  -0.3689000000000  -0.8104000000000
H22    -4.0968000000000   4.3085000000000  -0.0011000000000
H23    -5.7060000000000   2.4254000000000   0.0001000000000
H24    -4.8879000000000   0.0785000000000   0.0008000000000
H25    -2.4611000000000  -0.3932000000000   0.0007000000000
H26     0.5375000000000   4.6138000000000  -0.0021000000000
H27     2.0171000000000   0.5183000000000   0.8796000000000
H28     2.0168000000000   0.5146000000000  -0.8794000000000
H29     2.0666000000000  -1.6027000000000   2.1645000000000
H30     2.7418000000000  -3.9895000000000   2.1657000000000
H31     2.7445000000000  -3.9982000000000  -2.1458000000000
H32     2.0693000000000  -1.6115000000000  -2.1552000000000
&
