MAEFILE: SM04_micro003.mae
&gen
&
entry_name: SM04_micro003
&zmat
C1     -4.1868000000000   2.6301000000000  -0.0004000000000
C2     -4.9712000000000   1.4611000000000  -0.0002000000000
C3     -4.3524000000000   0.1983000000000   0.0002000000000
C4     -2.9487000000000   0.1031000000000   0.0002000000000
C5     -2.1582000000000   1.2760000000000  -0.0002000000000
C6     -2.7779000000000   2.5580000000000  -0.0005000000000
C7     -0.7387000000000   1.2472000000000  -0.0003000000000
N8     -0.0220000000000   2.3960000000000  -0.0008000000000
C9     -0.7022000000000   3.5427000000000  -0.0010000000000
N10    -2.0282000000000   3.6829000000000  -0.0008000000000
N11    -0.0439000000000   0.0263000000000   0.0004000000000
C12     1.4107000000000  -0.0153000000000   0.0009000000000
C13     1.9559000000000  -1.4282000000000   0.0043000000000
C14     2.2042000000000  -2.0883000000000   1.2258000000000
C15     2.7062000000000  -3.4045000000000   1.2288000000000
C16     2.9587000000000  -4.0656000000000   0.0105000000000
Cl17    3.5720000000000  -5.6784000000000   0.0143000000000
C18     2.7081000000000  -3.4096000000000  -1.2108000000000
C19     2.2061000000000  -2.0933000000000  -1.2140000000000
H20    -4.6737000000000   3.5944000000000  -0.0006000000000
H21    -6.0488000000000   1.5336000000000  -0.0003000000000
H22    -4.9550000000000  -0.6982000000000   0.0004000000000
H23    -2.4934000000000  -0.8762000000000   0.0005000000000
H24    -0.1188000000000   4.4516000000000  -0.0012000000000
H25    -0.5554000000000  -0.8441000000000   0.0013000000000
H26     1.7884000000000   0.5141000000000   0.8766000000000
H27     1.7886000000000   0.5099000000000  -0.8775000000000
H28     2.0099000000000  -1.5868000000000   2.1627000000000
H29     2.8968000000000  -3.9060000000000   2.1664000000000
H30     2.9001000000000  -3.9147000000000  -2.1461000000000
H31     2.0132000000000  -1.5956000000000  -2.1532000000000
&
