MAEFILE: SM04_micro015.mae
&gen
molchg=2
&
entry_name: SM04_micro015
&zmat
C1     -3.6400000000000   3.4220000000000  -0.0008000000000
C2     -4.5845000000000   2.3774000000000  -0.0002000000000
C3     -4.1532000000000   1.0380000000000   0.0004000000000
C4     -2.7772000000000   0.7420000000000   0.0004000000000
C5     -1.8322000000000   1.7926000000000  -0.0001000000000
C6     -2.2571000000000   3.1462000000000  -0.0008000000000
C7     -0.4366000000000   1.5698000000000   0.0000000000000
N8      0.4397000000000   2.6068000000000  -0.0007000000000
C9     -0.0359000000000   3.8603000000000  -0.0014000000000
N10    -1.3447000000000   4.1424000000000  -0.0014000000000
N11     0.1460000000000   0.1675000000000   0.0012000000000
C12     1.6175000000000   0.0243000000000   0.0010000000000
C13     2.0058000000000  -1.4405000000000   0.0041000000000
C14     2.1848000000000  -2.1242000000000   1.2255000000000
C15     2.5418000000000  -3.4867000000000   1.2282000000000
C16     2.7214000000000  -4.1712000000000   0.0103000000000
Cl17    3.1585000000000  -5.8401000000000   0.0141000000000
C18     2.5433000000000  -3.4917000000000  -1.2106000000000
C19     2.1862000000000  -2.1292000000000  -1.2143000000000
H20     1.4450000000000   2.4331000000000  -0.0006000000000
H21    -0.1887000000000  -0.3315000000000   0.8134000000000
H22    -0.1894000000000  -0.3333000000000  -0.8095000000000
H23    -3.9839000000000   4.4467000000000  -0.0012000000000
H24    -5.6408000000000   2.6047000000000  -0.0001000000000
H25    -4.8794000000000   0.2378000000000   0.0008000000000
H26    -2.4662000000000  -0.2924000000000   0.0008000000000
H27     0.6928000000000   4.6581000000000  -0.0019000000000
H28     2.0406000000000   0.5141000000000   0.8793000000000
H29     2.0398000000000   0.5101000000000  -0.8799000000000
H30     2.0502000000000  -1.6079000000000   2.1649000000000
H31     2.6784000000000  -4.0063000000000   2.1655000000000
H32     2.6810000000000  -4.0151000000000  -2.1455000000000
H33     2.0527000000000  -1.6167000000000  -2.1560000000000
&
