MAEFILE: SM04_micro002.mae
&gen
molchg=1
&
entry_name: SM04_micro002
&zmat
C1     -4.0817000000000   2.5874000000000  -0.0400000000000
C2     -4.8253000000000   1.3916000000000   0.0102000000000
C3     -4.1657000000000   0.1459000000000   0.0494000000000
C4     -2.7572000000000   0.0842000000000   0.0399000000000
C5     -2.0054000000000   1.2802000000000  -0.0106000000000
C6     -2.6747000000000   2.5292000000000  -0.0512000000000
C7     -0.5187000000000   1.3268000000000  -0.0255000000000
N8      0.1752000000000   2.5057000000000  -0.0788000000000
C9     -0.4938000000000   3.6221000000000  -0.1157000000000
N10    -1.8842000000000   3.6834000000000  -0.1024000000000
N11     0.1322000000000   0.2079000000000   0.0152000000000
C12     1.5978000000000   0.0567000000000   0.0119000000000
C13     1.9742000000000  -1.4101000000000   0.0121000000000
C14     2.1486000000000  -2.0963000000000   1.2321000000000
C15     2.4940000000000  -3.4620000000000   1.2316000000000
C16     2.6661000000000  -4.1454000000000   0.0118000000000
Cl17    3.0875000000000  -5.8184000000000   0.0114000000000
C18     2.4928000000000  -3.4619000000000  -1.2078000000000
C19     2.1472000000000  -2.0963000000000  -1.2080000000000
H20    -2.3805000000000   4.5627000000000  -0.1299000000000
H21    -0.4002000000000  -0.6552000000000   0.0566000000000
H22    -4.5911000000000   3.5397000000000  -0.0699000000000
H23    -5.9049000000000   1.4295000000000   0.0183000000000
H24    -4.7436000000000  -0.7659000000000   0.0876000000000
H25    -2.2732000000000  -0.8807000000000   0.0713000000000
H26     0.0046000000000   4.5917000000000  -0.1596000000000
H27     1.9864000000000   0.5583000000000   0.8996000000000
H28     1.9859000000000   0.5581000000000  -0.8762000000000
H29     2.0174000000000  -1.5778000000000   2.1708000000000
H30     2.6268000000000  -3.9843000000000   2.1679000000000
H31     2.6245000000000  -3.9839000000000  -2.1443000000000
H32     2.0151000000000  -1.5777000000000  -2.1465000000000
&
