MAEFILE: SM05_micro003.mae
&gen
molchg=2
&
entry_name: SM05_micro003
&zmat
C1      0.3424000000000   2.4492000000000  -1.3063000000000
C2      1.6695000000000   3.2250000000000  -1.2837000000000
C3      1.7222000000000   4.1847000000000  -0.0837000000000
C4      1.4437000000000   3.4278000000000   1.2253000000000
C5      0.1324000000000   2.6283000000000   1.1391000000000
N6      0.1255000000000   1.7595000000000  -0.0354000000000
C7     -0.9342000000000   0.8359000000000  -0.0145000000000
C8     -2.1957000000000   1.1466000000000  -0.5762000000000
C9     -3.2536000000000   0.2173000000000  -0.5209000000000
C10    -3.0702000000000  -1.0325000000000   0.1010000000000
C11    -1.8243000000000  -1.3583000000000   0.6679000000000
C12    -0.7664000000000  -0.4290000000000   0.6001000000000
N13     0.5649000000000  -0.8121000000000   1.2050000000000
C14     1.4026000000000  -1.5003000000000   0.3330000000000
O15     1.1067000000000  -2.6024000000000  -0.1290000000000
C16     2.6767000000000  -0.8413000000000  -0.0055000000000
C17     3.6594000000000  -1.2062000000000  -0.8910000000000
C18     4.6726000000000  -0.2094000000000  -0.8186000000000
C19     4.2203000000000   0.6789000000000   0.1099000000000
O20     3.0131000000000   0.3263000000000   0.6195000000000
Cl21    5.0523000000000   2.0998000000000   0.5978000000000
H22     1.0531000000000   0.0231000000000   1.4970000000000
H23     0.4208000000000  -1.3830000000000   2.0254000000000
H24     1.9430000000000  -3.0647000000000  -0.4642000000000
H25    -0.4748000000000   3.1463000000000  -1.4950000000000
H26     0.3470000000000   1.7270000000000  -2.1237000000000
H27     1.7920000000000   3.7819000000000  -2.2129000000000
H28     2.5028000000000   2.5248000000000  -1.2326000000000
H29     0.9807000000000   4.9738000000000  -0.2141000000000
H30     2.6949000000000   4.6753000000000  -0.0353000000000
H31     1.3992000000000   4.1283000000000   2.0596000000000
H32     2.2698000000000   2.7506000000000   1.4389000000000
H33    -0.7158000000000   3.3124000000000   1.0813000000000
H34     0.0022000000000   2.0374000000000   2.0467000000000
H35    -2.3720000000000   2.1044000000000  -1.0429000000000
H36    -4.2123000000000   0.4686000000000  -0.9511000000000
H37    -3.8864000000000  -1.7391000000000   0.1444000000000
H38    -1.6844000000000  -2.3172000000000   1.1452000000000
H39     3.6534000000000  -2.0847000000000  -1.5195000000000
H40     5.6007000000000  -0.1517000000000  -1.3684000000000
&
