MAEFILE: SM05_micro011.mae
&gen
molchg=1
&
entry_name: SM05_micro011
&zmat
C1     -0.0761000000000   2.9481000000000  -1.2316000000000
C2      1.1006000000000   3.9382000000000  -1.2596000000000
C3      1.1095000000000   4.8171000000000   0.0000000000000
C4      1.1007000000000   3.9382000000000   1.2595000000000
C5     -0.0761000000000   2.9481000000000   1.2315000000000
N6     -0.0361000000000   2.1224000000000   0.0000000000000
C7     -1.0152000000000   0.9646000000000   0.0000000000000
C8     -2.3957000000000   1.2552000000000  -0.0002000000000
C9     -3.3257000000000   0.2040000000000  -0.0001000000000
C10    -2.8670000000000  -1.1233000000000   0.0002000000000
C11    -1.4857000000000  -1.4012000000000   0.0005000000000
C12    -0.5112000000000  -0.3643000000000   0.0004000000000
N13     0.8321000000000  -0.5362000000000   0.0008000000000
C14     1.5241000000000  -1.7077000000000  -0.0004000000000
O15     1.1114000000000  -2.8665000000000  -0.0015000000000
C16     2.9887000000000  -1.4843000000000  -0.0001000000000
C17     4.0214000000000  -2.3898000000000  -0.0001000000000
C18     5.2334000000000  -1.6430000000000   0.0000000000000
C19     4.8383000000000  -0.3393000000000   0.0001000000000
O20     3.4893000000000  -0.2079000000000   0.0000000000000
Cl21    5.8975000000000   1.0127000000000   0.0003000000000
H22     0.8901000000000   1.7193000000000   0.0000000000000
H23     1.8977000000000  -3.5028000000000   0.0001000000000
H24    -1.0224000000000   3.4882000000000  -1.2855000000000
H25    -0.0311000000000   2.2960000000000  -2.1047000000000
H26     1.0424000000000   4.5628000000000  -2.1514000000000
H27     2.0396000000000   3.3869000000000  -1.3275000000000
H28     0.2354000000000   5.4697000000000   0.0000000000000
H29     1.9846000000000   5.4677000000000   0.0000000000000
H30     1.0424000000000   4.5629000000000   2.1513000000000
H31     2.0396000000000   3.3870000000000   1.3275000000000
H32    -1.0224000000000   3.4881000000000   1.2855000000000
H33    -0.0310000000000   2.2960000000000   2.1047000000000
H34    -2.7456000000000   2.2770000000000  -0.0004000000000
H35    -4.3850000000000   0.4139000000000  -0.0003000000000
H36    -3.5784000000000  -1.9359000000000   0.0002000000000
H37    -1.2135000000000  -2.4433000000000   0.0008000000000
H38     3.9203000000000  -3.4652000000000  -0.0002000000000
H39     6.2495000000000  -2.0096000000000   0.0001000000000
&
