MAEFILE: SM05_micro005.mae
&gen
molchg=2
&
entry_name: SM05_micro005
&zmat
C1     -0.0882000000000   3.0374000000000  -1.2308000000000
C2      1.0225000000000   4.1013000000000  -1.2596000000000
C3      0.9753000000000   4.9785000000000   0.0000000000000
C4      1.0225000000000   4.1012000000000   1.2596000000000
C5     -0.0882000000000   3.0374000000000   1.2307000000000
N6      0.0069000000000   2.2138000000000   0.0000000000000
C7     -0.9032000000000   1.0022000000000   0.0000000000000
C8     -2.3004000000000   1.1965000000000   0.0000000000000
C9     -3.1555000000000   0.0804000000000   0.0000000000000
C10    -2.6135000000000  -1.2182000000000  -0.0001000000000
C11    -1.2174000000000  -1.4092000000000  -0.0001000000000
C12    -0.3379000000000  -0.2968000000000  -0.0001000000000
N13     1.0847000000000  -0.4066000000000  -0.0001000000000
C14     1.8836000000000  -1.4917000000000   0.0002000000000
O15     1.5033000000000  -2.6616000000000   0.0004000000000
C16     3.3269000000000  -1.1855000000000   0.0001000000000
C17     4.4180000000000  -2.0185000000000   0.0001000000000
C18     5.5741000000000  -1.1877000000000   0.0000000000000
C19     5.0875000000000   0.0850000000000  -0.0001000000000
O20     3.7320000000000   0.1214000000000   0.0000000000000
Cl21    6.0476000000000   1.5085000000000  -0.0002000000000
H22     0.9585000000000   1.8781000000000   0.0000000000000
H23     2.3062000000000  -3.2778000000000   0.0000000000000
H24    -1.0670000000000   3.5165000000000  -1.2824000000000
H25    -0.0033000000000   2.3924000000000  -2.1062000000000
H26     0.9220000000000   4.7222000000000  -2.1503000000000
H27     1.9959000000000   3.6137000000000  -1.3303000000000
H28     0.0608000000000   5.5732000000000   0.0000000000000
H29     1.8064000000000   5.6846000000000   0.0000000000000
H30     0.9220000000000   4.7222000000000   2.1503000000000
H31     1.9959000000000   3.6137000000000   1.3303000000000
H32    -1.0670000000000   3.5165000000000   1.2825000000000
H33    -0.0033000000000   2.3924000000000   2.1062000000000
H34    -2.7209000000000   2.1916000000000   0.0000000000000
H35    -4.2269000000000   0.2190000000000   0.0000000000000
H36    -3.2730000000000  -2.0739000000000  -0.0001000000000
H37    -0.8615000000000  -2.4259000000000  -0.0002000000000
H38     1.5793000000000   0.4732000000000  -0.0003000000000
H39     4.3918000000000  -3.0984000000000   0.0001000000000
H40     6.6136000000000  -1.4814000000000  -0.0001000000000
&
