MAEFILE: SM05_micro001.mae
&gen
&
entry_name: SM05_micro001
&zmat
C1     -0.2688000000000  -3.1393000000000   1.2723000000000
C2      0.7312000000000  -4.3078000000000   1.3117000000000
C3      0.5864000000000  -5.1974000000000   0.0659000000000
C4      0.7040000000000  -4.3497000000000  -1.2116000000000
C5     -0.2954000000000  -3.1802000000000  -1.1896000000000
N6     -0.1322000000000  -2.3897000000000   0.0269000000000
C7     -0.8384000000000  -1.1750000000000   0.0145000000000
C8     -2.2521000000000  -1.1717000000000   0.0228000000000
C9     -2.9632000000000   0.0416000000000   0.0022000000000
C10    -2.2662000000000   1.2619000000000  -0.0336000000000
C11    -0.8589000000000   1.2711000000000  -0.0410000000000
C12    -0.1325000000000   0.0554000000000  -0.0029000000000
N13     1.2911000000000   0.0054000000000  -0.0263000000000
C14     2.1882000000000   0.9382000000000   0.3413000000000
O15     1.9089000000000   2.0604000000000   0.7611000000000
C16     3.5985000000000   0.5245000000000   0.2123000000000
C17     4.1592000000000  -0.6881000000000  -0.1079000000000
C18     5.5711000000000  -0.5145000000000  -0.0714000000000
C19     5.7510000000000   0.7915000000000   0.2732000000000
O20     4.5773000000000   1.4468000000000   0.4552000000000
Cl21    7.2772000000000   1.5558000000000   0.4665000000000
H22    -1.2871000000000  -3.5209000000000   1.3588000000000
H23    -0.1009000000000  -2.4776000000000   2.1231000000000
H24     0.5805000000000  -4.8994000000000   2.2150000000000
H25     1.7479000000000  -3.9154000000000   1.3633000000000
H26    -0.3814000000000  -5.7001000000000   0.0847000000000
H27     1.3457000000000  -5.9797000000000   0.0706000000000
H28     0.5345000000000  -4.9709000000000  -2.0914000000000
H29     1.7191000000000  -3.9592000000000  -1.2973000000000
H30    -1.3152000000000  -3.5638000000000  -1.2418000000000
H31    -0.1454000000000  -2.5467000000000  -2.0650000000000
H32    -2.7990000000000  -2.1030000000000   0.0426000000000
H33    -4.0432000000000   0.0355000000000   0.0064000000000
H34    -2.8115000000000   2.1937000000000  -0.0617000000000
H35    -0.3598000000000   2.2259000000000  -0.0915000000000
H36     1.6771000000000  -0.8926000000000  -0.2799000000000
H37     3.6185000000000  -1.5942000000000  -0.3398000000000
H38     6.3435000000000  -1.2433000000000  -0.2678000000000
&
