MAEFILE: SM06_micro009.mae
&gen
&
entry_name: SM06_micro009
&zmat
C1     -2.7118000000000   2.5170000000000  -0.0001000000000
C2     -1.8840000000000   3.6568000000000  -0.0001000000000
C3     -0.4873000000000   3.4827000000000   0.0000000000000
N4      0.0324000000000   2.2372000000000   0.0001000000000
C5     -0.7094000000000   1.1007000000000   0.0001000000000
C6     -2.1244000000000   1.2326000000000   0.0000000000000
C7     -0.0742000000000  -0.1744000000000   0.0003000000000
C8     -0.9351000000000  -1.3078000000000   0.0003000000000
C9     -2.3371000000000  -1.1823000000000   0.0001000000000
C10    -2.9367000000000   0.0862000000000  -0.0001000000000
N11     1.2825000000000  -0.2145000000000   0.0009000000000
C12     2.0914000000000  -1.3108000000000  -0.0004000000000
O13     1.7754000000000  -2.5002000000000  -0.0016000000000
C14     3.5660000000000  -0.9695000000000   0.0000000000000
C15     4.0523000000000   0.3644000000000   0.0000000000000
C16     5.4415000000000   0.5930000000000   0.0002000000000
Br17    6.1331000000000   2.3658000000000   0.0003000000000
C18     6.3070000000000  -0.5163000000000   0.0004000000000
N19     5.8694000000000  -1.7917000000000   0.0004000000000
C20     4.5350000000000  -2.0033000000000   0.0002000000000
H21     1.0471000000000   2.1283000000000   0.0001000000000
H22    -3.7861000000000   2.6312000000000  -0.0001000000000
H23    -2.3133000000000   4.6481000000000  -0.0001000000000
H24     0.2262000000000   4.2936000000000   0.0000000000000
H25    -0.5542000000000  -2.3151000000000   0.0005000000000
H26    -2.9534000000000  -2.0692000000000   0.0001000000000
H27    -4.0136000000000   0.1728000000000  -0.0001000000000
H28     3.3904000000000   1.2177000000000  -0.0001000000000
H29     7.3779000000000  -0.3769000000000   0.0005000000000
H30     4.2429000000000  -3.0432000000000   0.0002000000000
&
