MAEFILE: SM06_micro001.mae
&gen
&
entry_name: SM06_micro001
&zmat
C1     -2.7838000000000  -2.4686000000000   0.0157000000000
C2     -2.0280000000000  -3.6540000000000   0.0087000000000
C3     -0.6263000000000  -3.5478000000000  -0.0130000000000
N4      0.0255000000000  -2.3665000000000  -0.0271000000000
C5     -0.6860000000000  -1.2102000000000  -0.0201000000000
C6     -2.1101000000000  -1.2296000000000   0.0005000000000
C7     -0.0288000000000   0.0486000000000  -0.0274000000000
C8     -0.7848000000000   1.2461000000000  -0.0435000000000
C9     -2.1895000000000   1.2042000000000  -0.0222000000000
C10    -2.8532000000000  -0.0332000000000   0.0039000000000
N11     1.3948000000000   0.0587000000000  -0.0700000000000
C12     2.2451000000000   0.9646000000000   0.4488000000000
O13     1.9073000000000   2.0167000000000   0.9909000000000
C14     3.6998000000000   0.6345000000000   0.2753000000000
C15     4.1596000000000  -0.7029000000000   0.2569000000000
C16     5.5379000000000  -0.9484000000000   0.1091000000000
Br17    6.2068000000000  -2.7293000000000   0.0657000000000
C18     6.4097000000000   0.1520000000000  -0.0046000000000
N19     5.9881000000000   1.4341000000000   0.0255000000000
C20     4.6640000000000   1.6626000000000   0.1668000000000
H21    -3.8633000000000  -2.5138000000000   0.0311000000000
H22    -2.5104000000000  -4.6203000000000   0.0191000000000
H23    -0.0104000000000  -4.4351000000000  -0.0190000000000
H24    -0.3041000000000   2.2115000000000  -0.0870000000000
H25    -2.7577000000000   2.1227000000000  -0.0320000000000
H26    -3.9332000000000  -0.0599000000000   0.0186000000000
H27     1.8168000000000  -0.7851000000000  -0.4301000000000
H28     3.4759000000000  -1.5339000000000   0.3547000000000
H29     7.4726000000000  -0.0001000000000  -0.1197000000000
H30     4.3708000000000   2.7024000000000   0.1877000000000
&
