MAEFILE: SM06_micro010.mae
&gen
&
entry_name: SM06_micro010
&zmat
C1     -2.6771000000000   2.5260000000000  -0.0001000000000
C2     -1.8529000000000   3.6632000000000   0.0000000000000
C3     -0.4619000000000   3.4680000000000   0.0000000000000
N4      0.1129000000000   2.2484000000000   0.0001000000000
C5     -0.6594000000000   1.1266000000000   0.0001000000000
C6     -2.0815000000000   1.2472000000000   0.0000000000000
C7     -0.0615000000000  -0.1744000000000   0.0002000000000
C8     -0.9346000000000  -1.2983000000000   0.0002000000000
C9     -2.3321000000000  -1.1616000000000   0.0000000000000
C10    -2.9097000000000   0.1128000000000  -0.0001000000000
N11     1.2947000000000  -0.2542000000000   0.0006000000000
C12     2.0822000000000  -1.3649000000000  -0.0003000000000
O13     1.7520000000000  -2.5505000000000  -0.0011000000000
C14     3.5599000000000  -1.0415000000000   0.0001000000000
C15     4.5143000000000  -2.0892000000000   0.0002000000000
C16     5.8919000000000  -1.7890000000000   0.0003000000000
Br17    7.1824000000000  -3.1872000000000   0.0004000000000
C18     6.3030000000000  -0.4425000000000   0.0003000000000
N19     5.3763000000000   0.5380000000000   0.0002000000000
C20     4.0481000000000   0.2926000000000   0.0001000000000
H21     5.6900000000000   1.5087000000000   0.0003000000000
H22    -3.7517000000000   2.6369000000000  -0.0001000000000
H23    -2.2748000000000   4.6573000000000  -0.0001000000000
H24     0.2095000000000   4.3138000000000   0.0000000000000
H25    -0.5666000000000  -2.3100000000000   0.0004000000000
H26    -2.9602000000000  -2.0402000000000   0.0000000000000
H27    -3.9853000000000   0.2145000000000  -0.0001000000000
H28     4.2041000000000  -3.1242000000000   0.0001000000000
H29     7.3346000000000  -0.1227000000000   0.0004000000000
H30     3.4267000000000   1.1771000000000   0.0000000000000
&
