MAEFILE: SM06_micro011.mae
&gen
&
entry_name: SM06_micro011
&zmat
C1     -3.7712000000000   2.6750000000000   0.0000000000000
C2     -4.3096000000000   1.3779000000000   0.0000000000000
C3     -3.4160000000000   0.2943000000000   0.0000000000000
N4     -2.0760000000000   0.4428000000000   0.0000000000000
C5     -1.5235000000000   1.6870000000000   0.0000000000000
C6     -2.3696000000000   2.8361000000000   0.0000000000000
C7     -0.1015000000000   1.8568000000000  -0.0001000000000
C8      0.4001000000000   3.1890000000000  -0.0001000000000
C9     -0.4472000000000   4.3088000000000   0.0000000000000
C10    -1.8355000000000   4.1350000000000   0.0000000000000
N11     0.6734000000000   0.7407000000000  -0.0002000000000
C12     2.0312000000000   0.6443000000000   0.0001000000000
O13     2.8676000000000   1.5473000000000   0.0004000000000
C14     2.5304000000000  -0.7860000000000   0.0000000000000
C15     3.9206000000000  -1.0545000000000   0.0000000000000
C16     4.3722000000000  -2.3874000000000   0.0000000000000
Br17    6.2338000000000  -2.7812000000000  -0.0001000000000
C18     3.4179000000000  -3.4210000000000   0.0000000000000
N19     2.0890000000000  -3.1938000000000   0.0000000000000
C20     1.6617000000000  -1.9117000000000   0.0000000000000
H21     3.7962000000000   1.1467000000000   0.0000000000000
H22    -4.4277000000000   3.5328000000000   0.0000000000000
H23    -5.3775000000000   1.2177000000000   0.0000000000000
H24    -3.7857000000000  -0.7202000000000   0.0000000000000
H25     1.4539000000000   3.4071000000000  -0.0001000000000
H26    -0.0275000000000   5.3040000000000   0.0000000000000
H27    -2.4850000000000   4.9982000000000   0.0000000000000
H28     4.6477000000000  -0.2555000000000   0.0000000000000
H29     3.7288000000000  -4.4554000000000   0.0000000000000
H30     0.5868000000000  -1.8071000000000   0.0001000000000
&
