MAEFILE: SM06_micro012.mae
&gen
molchg=2
&
entry_name: SM06_micro012
&zmat
C1     -4.2263000000000   2.0436000000000   0.0000000000000
C2     -4.6190000000000   0.6909000000000   0.0000000000000
C3     -3.6267000000000  -0.3076000000000   0.0000000000000
N4     -2.3211000000000   0.0401000000000   0.0000000000000
C5     -1.8839000000000   1.3247000000000   0.0000000000000
C6     -2.8515000000000   2.3649000000000   0.0000000000000
C7     -0.4967000000000   1.6287000000000   0.0001000000000
C8     -0.1044000000000   2.9927000000000   0.0001000000000
C9     -1.0677000000000   4.0197000000000   0.0001000000000
C10    -2.4387000000000   3.7102000000000   0.0000000000000
N11     0.4287000000000   0.5380000000000   0.0001000000000
C12     1.7785000000000   0.5231000000000  -0.0002000000000
O13     2.4930000000000   1.5255000000000  -0.0005000000000
C14     2.4063000000000  -0.8486000000000  -0.0001000000000
C15     3.8136000000000  -0.9953000000000   0.0000000000000
C16     4.3727000000000  -2.2873000000000   0.0000000000000
Br17    6.2602000000000  -2.5265000000000   0.0001000000000
C18     3.5060000000000  -3.3966000000000   0.0001000000000
N19     2.1618000000000  -3.2786000000000   0.0000000000000
C20     1.6322000000000  -2.0370000000000  -0.0001000000000
H21    -1.6292000000000  -0.7081000000000   0.0000000000000
H22     3.4669000000000   1.2498000000000   0.0000000000000
H23    -4.9753000000000   2.8226000000000   0.0000000000000
H24    -5.6660000000000   0.4237000000000   0.0000000000000
H25    -3.8363000000000  -1.3677000000000   0.0000000000000
H26     0.9285000000000   3.2980000000000   0.0001000000000
H27    -0.7520000000000   5.0530000000000   0.0001000000000
H28    -3.1681000000000   4.5079000000000   0.0000000000000
H29    -0.0015000000000  -0.3753000000000   0.0003000000000
H30     4.4676000000000  -0.1355000000000   0.0000000000000
H31     3.9009000000000  -4.4019000000000   0.0001000000000
H32     0.5525000000000  -2.0102000000000  -0.0001000000000
&
