MAEFILE: SM07_micro004.mae
&gen
&
entry_name: SM07_micro004
&zmat
C1     -0.7467000000000   2.0888000000000  -1.2200000000000
C2     -1.2475000000000   3.4055000000000  -1.2197000000000
C3     -1.4977000000000   4.0640000000000   0.0000000000000
C4     -1.2475000000000   3.4055000000000   1.2197000000000
C5     -0.7467000000000   2.0888000000000   1.2200000000000
C6     -0.4978000000000   1.4261000000000   0.0000000000000
C7      0.0479000000000   0.0135000000000   0.0000000000000
N8      1.5025000000000  -0.0265000000000   0.0000000000000
C9      2.1984000000000  -1.2467000000000   0.0000000000000
N10     1.4822000000000  -2.3958000000000   0.0000000000000
C11     2.1628000000000  -3.5420000000000   0.0000000000000
N12     3.4889000000000  -3.6817000000000   0.0000000000000
C13     4.2380000000000  -2.5564000000000   0.0000000000000
C14     3.6179000000000  -1.2747000000000   0.0000000000000
C15     5.6470000000000  -2.6281000000000   0.0000000000000
C16     6.4310000000000  -1.4589000000000   0.0000000000000
C17     5.8117000000000  -0.1963000000000   0.0000000000000
C18     4.4079000000000  -0.1016000000000   0.0000000000000
H19    -0.5535000000000   1.5890000000000  -2.1579000000000
H20    -1.4389000000000   3.9106000000000  -2.1551000000000
H21    -1.8801000000000   5.0741000000000   0.0000000000000
H22    -1.4389000000000   3.9106000000000   2.1551000000000
H23    -0.5535000000000   1.5890000000000   2.1579000000000
H24    -0.3295000000000  -0.5139000000000  -0.8772000000000
H25    -0.3295000000000  -0.5139000000000   0.8772000000000
H26     2.0127000000000   0.8448000000000   0.0000000000000
H27     1.5799000000000  -4.4511000000000   0.0000000000000
H28     6.1339000000000  -3.5924000000000   0.0000000000000
H29     7.5088000000000  -1.5313000000000   0.0000000000000
H30     6.4138000000000   0.7006000000000   0.0000000000000
H31     3.9519000000000   0.8772000000000  -0.0001000000000
&
