MAEFILE: SM07_micro007.mae
&gen
molchg=1
&
entry_name: SM07_micro007
&zmat
C1     -0.7208000000000   2.0859000000000  -1.2202000000000
C2     -1.2065000000000   3.4082000000000  -1.2196000000000
C3     -1.4493000000000   4.0693000000000   0.0000000000000
C4     -1.2064000000000   3.4082000000000   1.2196000000000
C5     -0.7208000000000   2.0859000000000   1.2201000000000
C6     -0.4784000000000   1.4206000000000   0.0000000000000
C7      0.0490000000000   0.0010000000000   0.0000000000000
N8      1.5031000000000  -0.0623000000000   0.0000000000000
C9      2.1785000000000  -1.2941000000000   0.0000000000000
N10     1.4484000000000  -2.4409000000000   0.0000000000000
C11     2.0629000000000  -3.6309000000000   0.0000000000000
N12     3.3925000000000  -3.7612000000000   0.0000000000000
C13     4.1767000000000  -2.6641000000000   0.0000000000000
C14     3.5945000000000  -1.3699000000000   0.0000000000000
C15     5.5826000000000  -2.7804000000000   0.0000000000000
C16     6.4022000000000  -1.6362000000000   0.0000000000000
C17     5.8201000000000  -0.3560000000000   0.0000000000000
C18     4.4193000000000  -0.2203000000000   0.0000000000000
H19     0.4296000000000  -2.3887000000000   0.0000000000000
H20    -0.5359000000000   1.5850000000000  -2.1592000000000
H21    -1.3933000000000   3.9158000000000  -2.1546000000000
H22    -1.8216000000000   5.0832000000000   0.0000000000000
H23    -1.3933000000000   3.9158000000000   2.1546000000000
H24    -0.5359000000000   1.5850000000000   2.1592000000000
H25    -0.3365000000000  -0.5203000000000  -0.8772000000000
H26    -0.3364000000000  -0.5203000000000   0.8772000000000
H27     2.0266000000000   0.8012000000000   0.0000000000000
H28     1.4292000000000  -4.5057000000000   0.0000000000000
H29     6.0394000000000  -3.7595000000000   0.0000000000000
H30     7.4775000000000  -1.7414000000000   0.0000000000000
H31     6.4493000000000   0.5224000000000   0.0000000000000
H32     3.9944000000000   0.7726000000000   0.0000000000000
&
