MAEFILE: SM07_micro003.mae
&gen
&
entry_name: SM07_micro003
&zmat
C1     -0.7105000000000   1.2198000000000   0.0122000000000
C2     -2.1183000000000   1.2195000000000   0.0615000000000
C3     -2.8224000000000   0.0000000000000   0.0857000000000
C4     -2.1184000000000  -1.2195000000000   0.0616000000000
C5     -0.7105000000000  -1.2199000000000   0.0122000000000
C6     -0.0017000000000   0.0000000000000  -0.0137000000000
C7      1.5138000000000  -0.0001000000000  -0.0641000000000
N8      2.0529000000000   0.0002000000000   1.2803000000000
C9      3.3405000000000   0.0002000000000   1.4153000000000
N10     4.2940000000000   0.0001000000000   0.4050000000000
C11     5.6687000000000   0.0001000000000   0.5875000000000
N12     6.2322000000000   0.0003000000000   1.7551000000000
C13     5.3837000000000   0.0004000000000   2.8858000000000
C14     3.9578000000000   0.0004000000000   2.7862000000000
C15     5.9820000000000   0.0005000000000   4.1633000000000
C16     5.1907000000000   0.0006000000000   5.3274000000000
C17     3.7876000000000   0.0007000000000   5.2269000000000
C18     3.1712000000000   0.0005000000000   3.9618000000000
H19     3.9561000000000  -0.0001000000000  -0.5461000000000
H20    -0.1759000000000   2.1584000000000  -0.0031000000000
H21    -2.6582000000000   2.1548000000000   0.0816000000000
H22    -3.9018000000000   0.0000000000000   0.1229000000000
H23    -2.6583000000000  -2.1548000000000   0.0816000000000
H24    -0.1760000000000  -2.1585000000000  -0.0030000000000
H25     1.8486000000000   0.8787000000000  -0.6193000000000
H26     1.8486000000000  -0.8790000000000  -0.6190000000000
H27     6.2513000000000   0.0000000000000  -0.3349000000000
H28     7.0585000000000   0.0005000000000   4.2551000000000
H29     5.6620000000000   0.0007000000000   6.2991000000000
H30     3.1828000000000   0.0008000000000   6.1217000000000
H31     2.0923000000000   0.0005000000000   3.9077000000000
&
