MAEFILE: SM07_micro014.mae
&gen
molchg=2
&
entry_name: SM07_micro014
&zmat
C1     -0.7237000000000   1.2189000000000  -0.0203000000000
C2     -2.1319000000000   1.2190000000000  -0.0489000000000
C3     -2.8367000000000  -0.0003000000000  -0.0633000000000
C4     -2.1331000000000  -1.2202000000000  -0.0490000000000
C5     -0.7248000000000  -1.2214000000000  -0.0204000000000
C6     -0.0165000000000  -0.0016000000000  -0.0085000000000
C7      1.4966000000000  -0.0022000000000   0.0334000000000
N8      2.0044000000000   0.0032000000000   1.4123000000000
C9      3.2982000000000   0.0040000000000   1.7910000000000
N10     4.2756000000000   0.0009000000000   0.8615000000000
C11     5.5831000000000   0.0015000000000   1.2056000000000
N12     6.0350000000000   0.0052000000000   2.4783000000000
C13     5.0658000000000   0.0077000000000   3.5391000000000
C14     3.6916000000000   0.0077000000000   3.2065000000000
C15     5.4953000000000   0.0099000000000   4.8798000000000
C16     4.5349000000000   0.0123000000000   5.9100000000000
C17     3.1608000000000   0.0126000000000   5.5953000000000
C18     2.7370000000000   0.0104000000000   4.2503000000000
H19     4.0266000000000  -0.0018000000000  -0.1174000000000
H20     7.0294000000000   0.0055000000000   2.6593000000000
H21    -0.1895000000000   2.1578000000000  -0.0065000000000
H22    -2.6717000000000   2.1545000000000  -0.0591000000000
H23    -3.9167000000000   0.0003000000000  -0.0843000000000
H24    -2.6738000000000  -2.1552000000000  -0.0593000000000
H25    -0.1916000000000  -2.1608000000000  -0.0067000000000
H26     1.8717000000000   0.8732000000000  -0.4985000000000
H27     1.8708000000000  -0.8826000000000  -0.4910000000000
H28     1.3006000000000   0.0065000000000   2.1375000000000
H29     6.3166000000000  -0.0012000000000   0.4085000000000
H30     6.5482000000000   0.0097000000000   5.1225000000000
H31     4.8510000000000   0.0138000000000   6.9429000000000
H32     2.4288000000000   0.0144000000000   6.3900000000000
H33     1.6775000000000   0.0105000000000   4.0386000000000
&
