MAEFILE: SM07_micro006.mae
&gen
molchg=1
&
entry_name: SM07_micro006
&zmat
C1     -0.8661000000000   1.2285000000000   0.0387000000000
C2     -2.2664000000000   1.2116000000000   0.1916000000000
C3     -2.9526000000000  -0.0161000000000   0.2651000000000
C4     -2.2385000000000  -1.2274000000000   0.1852000000000
C5     -0.8382000000000  -1.2115000000000   0.0321000000000
C6     -0.1485000000000   0.0167000000000  -0.0417000000000
C7      1.3571000000000   0.0345000000000  -0.2027000000000
N8      2.0041000000000   0.0244000000000   1.1152000000000
C9      3.2568000000000  -0.0129000000000   1.4535000000000
N10     3.4336000000000  -0.0590000000000   2.8070000000000
C11     4.6364000000000  -0.1032000000000   3.2960000000000
N12     5.7762000000000  -0.1054000000000   2.5071000000000
C13     5.7112000000000  -0.0563000000000   1.1119000000000
C14     4.4260000000000  -0.0071000000000   0.5008000000000
C15     6.8909000000000  -0.0537000000000   0.3432000000000
C16     6.8089000000000  -0.0015000000000  -1.0588000000000
C17     5.5499000000000   0.0488000000000  -1.6836000000000
C18     4.3679000000000   0.0473000000000  -0.9159000000000
H19     1.3468000000000   0.0245000000000   1.8892000000000
H20     6.7024000000000  -0.1413000000000   2.9086000000000
H21    -0.3453000000000   2.1735000000000  -0.0147000000000
H22    -2.8145000000000   2.1404000000000   0.2530000000000
H23    -4.0261000000000  -0.0289000000000   0.3831000000000
H24    -2.7650000000000  -2.1688000000000   0.2418000000000
H25    -0.2961000000000  -2.1442000000000  -0.0264000000000
H26     1.6656000000000   0.9427000000000  -0.7215000000000
H27     1.6864000000000  -0.8506000000000  -0.7478000000000
H28     4.8232000000000  -0.1421000000000   4.3703000000000
H29     7.8577000000000  -0.0905000000000   0.8240000000000
H30     7.7101000000000   0.0011000000000  -1.6543000000000
H31     5.4892000000000   0.0896000000000  -2.7613000000000
H32     3.4502000000000   0.0903000000000  -1.4703000000000
&
