MAEFILE: SM07_micro016.mae
&gen
molchg=3
&
entry_name: SM07_micro016
&zmat
C1     -0.7319000000000   2.1411000000000  -1.2201000000000
C2     -1.0831000000000   3.5051000000000  -1.2194000000000
C3     -1.2594000000000   4.1872000000000   0.0000000000000
C4     -1.0831000000000   3.5051000000000   1.2194000000000
C5     -0.7319000000000   2.1411000000000   1.2201000000000
C6     -0.5558000000000   1.4545000000000   0.0000000000000
C7     -0.1721000000000  -0.0105000000000  -0.0001000000000
N8      1.2994000000000  -0.1534000000000   0.0000000000000
C9      1.8787000000000  -1.5559000000000  -0.0001000000000
N10     1.0123000000000  -2.5982000000000   0.0000000000000
C11     1.4517000000000  -3.8777000000000  -0.0001000000000
N12     2.7800000000000  -4.1391000000000  -0.0002000000000
C13     3.7090000000000  -3.1519000000000  -0.0002000000000
C14     3.2740000000000  -1.7981000000000  -0.0002000000000
C15     5.0839000000000  -3.4586000000000  -0.0003000000000
C16     6.0306000000000  -2.4156000000000  -0.0003000000000
C17     5.6055000000000  -1.0720000000000  -0.0003000000000
C18     4.2314000000000  -0.7598000000000  -0.0002000000000
H19     1.6345000000000   0.3488000000000  -0.8106000000000
H20     1.6345000000000   0.3487000000000   0.8106000000000
H21     0.0085000000000  -2.4155000000000   0.0000000000000
H22     3.0929000000000  -5.1108000000000  -0.0002000000000
H23    -0.5994000000000   1.6260000000000  -2.1605000000000
H24    -1.2184000000000   4.0289000000000  -2.1544000000000
H25    -1.5307000000000   5.2327000000000   0.0000000000000
H26    -1.2184000000000   4.0289000000000   2.1544000000000
H27    -0.5994000000000   1.6260000000000   2.1604000000000
H28    -0.5961000000000  -0.4966000000000  -0.8800000000000
H29    -0.5961000000000  -0.4966000000000   0.8800000000000
H30     0.7417000000000  -4.6918000000000  -0.0001000000000
H31     5.4189000000000  -4.4861000000000  -0.0004000000000
H32     7.0864000000000  -2.6455000000000  -0.0004000000000
H33     6.3379000000000  -0.2775000000000  -0.0003000000000
H34     3.9293000000000   0.2776000000000  -0.0002000000000
&
