MAEFILE: SM07_micro013.mae
&gen
molchg=2
&
entry_name: SM07_micro013
&zmat
C1     -0.7568000000000   2.1264000000000  -1.2201000000000
C2     -1.1427000000000   3.4811000000000  -1.2195000000000
C3     -1.3359000000000   4.1584000000000   0.0000000000000
C4     -1.1427000000000   3.4811000000000   1.2195000000000
C5     -0.7568000000000   2.1264000000000   1.2201000000000
C6     -0.5629000000000   1.4445000000000   0.0000000000000
C7     -0.1413000000000  -0.0108000000000   0.0000000000000
N8      1.3336000000000  -0.1174000000000   0.0000000000000
C9      1.9495000000000  -1.5045000000000   0.0000000000000
N10     1.0908000000000  -2.5453000000000   0.0000000000000
C11     1.5928000000000  -3.7869000000000   0.0000000000000
N12     2.9105000000000  -4.0448000000000   0.0000000000000
C13     3.8050000000000  -3.0235000000000   0.0000000000000
C14     3.3472000000000  -1.6825000000000   0.0000000000000
C15     5.1874000000000  -3.2953000000000   0.0000000000000
C16     6.1119000000000  -2.2320000000000   0.0000000000000
C17     5.6569000000000  -0.8983000000000   0.0000000000000
C18     4.2760000000000  -0.6184000000000   0.0000000000000
H19     1.6551000000000   0.3897000000000  -0.8121000000000
H20     1.6551000000000   0.3897000000000   0.8121000000000
H21     3.2484000000000  -5.0076000000000   0.0000000000000
H22    -0.6113000000000   1.6141000000000  -2.1600000000000
H23    -1.2918000000000   4.0012000000000  -2.1546000000000
H24    -1.6330000000000   5.1970000000000   0.0000000000000
H25    -1.2918000000000   4.0012000000000   2.1546000000000
H26    -0.6113000000000   1.6141000000000   2.1600000000000
H27    -0.5517000000000  -0.5086000000000  -0.8799000000000
H28    -0.5517000000000  -0.5086000000000   0.8799000000000
H29     0.9312000000000  -4.6408000000000   0.0000000000000
H30     5.5477000000000  -4.3143000000000   0.0000000000000
H31     7.1724000000000  -2.4388000000000   0.0000000000000
H32     6.3714000000000  -0.0877000000000   0.0000000000000
H33     3.9488000000000   0.4109000000000   0.0000000000000
&
