MAEFILE: SM08_micro010.mae
&gen
&
entry_name: SM08_micro010
&zmat
C1     -4.1947000000000  -0.1839000000000   0.0347000000000
C2     -4.9670000000000   0.9913000000000   0.0244000000000
C3     -4.3344000000000   2.2465000000000   0.0040000000000
C4     -5.1674000000000   3.5119000000000  -0.0057000000000
C5     -2.9280000000000   2.3163000000000  -0.0060000000000
C6     -2.1439000000000   1.1366000000000   0.0041000000000
C7     -2.7846000000000  -0.1331000000000   0.0243000000000
C8     -0.7242000000000   1.1949000000000  -0.0038000000000
C9     -0.0049000000000  -0.0303000000000   0.0031000000000
C10    -0.7366000000000  -1.2419000000000   0.0254000000000
N11    -2.0818000000000  -1.2838000000000   0.0354000000000
O12    -0.0839000000000  -2.4408000000000   0.0388000000000
C13     1.5262000000000  -0.0522000000000  -0.0081000000000
C14     2.0753000000000   0.0175000000000  -1.4357000000000
O15     2.7578000000000   0.9541000000000  -1.8448000000000
O16     1.7267000000000  -1.0764000000000  -2.1732000000000
C17    -0.0171000000000   2.4895000000000  -0.0105000000000
C18     0.3336000000000   3.1171000000000   1.2043000000000
C19     1.0051000000000   4.3548000000000   1.2050000000000
C20     1.3326000000000   4.9778000000000  -0.0138000000000
C21     0.9837000000000   4.3631000000000  -1.2309000000000
C22     0.3095000000000   3.1266000000000  -1.2272000000000
H23    -4.6953000000000  -1.1410000000000   0.0528000000000
H24    -6.0453000000000   0.9258000000000   0.0334000000000
H25    -4.5390000000000   4.4031000000000  -0.0074000000000
H26    -5.8007000000000   3.5404000000000  -0.8927000000000
H27    -5.8082000000000   3.5492000000000   0.8756000000000
H28    -2.4609000000000   3.2899000000000  -0.0223000000000
H29    -0.6757000000000  -3.1770000000000   0.0537000000000
H30     1.9075000000000  -0.9514000000000   0.4756000000000
H31     1.9254000000000   0.7775000000000   0.5750000000000
H32     2.0653000000000  -1.0428000000000  -3.0545000000000
H33     0.0853000000000   2.6448000000000   2.1436000000000
H34     1.2686000000000   4.8254000000000   2.1407000000000
H35     1.8491000000000   5.9261000000000  -0.0147000000000
H36     1.2331000000000   4.8395000000000  -2.1676000000000
H37     0.0463000000000   2.6607000000000  -2.1655000000000
&
