MAEFILE: SM08_micro008.mae
&gen
&
entry_name: SM08_micro008
&zmat
C1     -4.2020000000000  -0.1400000000000  -0.0194000000000
C2     -4.9627000000000   1.0434000000000  -0.0016000000000
C3     -4.3189000000000   2.2964000000000   0.0109000000000
C4     -5.1462000000000   3.5654000000000   0.0377000000000
C5     -2.9097000000000   2.3637000000000   0.0029000000000
C6     -2.1295000000000   1.1818000000000  -0.0136000000000
C7     -2.7949000000000  -0.0698000000000  -0.0237000000000
C8     -0.7080000000000   1.2178000000000  -0.0172000000000
C9      0.0007000000000  -0.0169000000000  -0.0259000000000
C10    -0.7237000000000  -1.2346000000000  -0.0386000000000
N11    -2.0711000000000  -1.2059000000000  -0.0375000000000
O12    -0.0941000000000  -2.4469000000000  -0.0497000000000
C13     1.5321000000000  -0.0460000000000  -0.0032000000000
C14     2.0268000000000   0.0349000000000   1.4470000000000
O15     3.0432000000000   0.7323000000000   1.6536000000000
O16     1.3936000000000  -0.5956000000000   2.3234000000000
C17     0.0129000000000   2.5047000000000  -0.0095000000000
C18     0.3406000000000   3.1372000000000   1.2093000000000
C19     1.0257000000000   4.3674000000000   1.2177000000000
C20     1.3885000000000   4.9790000000000   0.0031000000000
C21     1.0648000000000   4.3582000000000  -1.2178000000000
C22     0.3802000000000   3.1275000000000  -1.2221000000000
H23    -2.5718000000000  -2.0937000000000  -0.0433000000000
H24    -4.7035000000000  -1.0970000000000  -0.0271000000000
H25    -6.0418000000000   0.9884000000000   0.0049000000000
H26    -4.5149000000000   4.4545000000000   0.0428000000000
H27    -5.7947000000000   3.6135000000000  -0.8374000000000
H28    -5.7722000000000   3.5885000000000   0.9301000000000
H29    -2.4372000000000   3.3349000000000   0.0138000000000
H30    -0.6832000000000  -3.1832000000000  -0.0005000000000
H31     1.9457000000000   0.7751000000000  -0.5892000000000
H32     1.9169000000000  -0.9581000000000  -0.4593000000000
H33     0.0702000000000   2.6718000000000   2.1461000000000
H34     1.2748000000000   4.8399000000000   2.1563000000000
H35     1.9160000000000   5.9214000000000   0.0083000000000
H36     1.3430000000000   4.8249000000000  -2.1512000000000
H37     0.1378000000000   2.6566000000000  -2.1636000000000
&
