MAEFILE: SM08_micro011.mae
&gen
&
entry_name: SM08_micro011
&zmat
C1     -4.2054000000000  -0.1394000000000   0.0313000000000
C2     -4.9674000000000   1.0438000000000   0.0471000000000
C3     -4.3245000000000   2.2982000000000   0.0365000000000
C4     -5.1524000000000   3.5667000000000   0.0527000000000
C5     -2.9151000000000   2.3654000000000   0.0113000000000
C6     -2.1419000000000   1.1810000000000  -0.0037000000000
C7     -2.7995000000000  -0.0635000000000   0.0054000000000
C8     -0.6636000000000   1.1785000000000  -0.0258000000000
C9      0.0227000000000  -0.0005000000000  -0.0362000000000
C10    -0.6835000000000  -1.2965000000000  -0.0410000000000
O11    -0.1206000000000  -2.3895000000000  -0.0771000000000
N12    -2.0297000000000  -1.2443000000000  -0.0128000000000
C13     1.5547000000000  -0.0585000000000  -0.0516000000000
C14     2.2219000000000   0.0497000000000  -1.4249000000000
O15     1.5997000000000   0.1157000000000  -2.4836000000000
O16     3.5812000000000   0.0606000000000  -1.3132000000000
C17     0.0564000000000   2.4638000000000  -0.0328000000000
C18     0.4165000000000   3.0755000000000   1.1860000000000
C19     1.0867000000000   4.3143000000000   1.1770000000000
C20     1.3864000000000   4.9452000000000  -0.0466000000000
C21     1.0114000000000   4.3412000000000  -1.2629000000000
C22     0.3404000000000   3.1031000000000  -1.2574000000000
H23    -2.5336000000000  -2.1191000000000  -0.0155000000000
H24    -4.7010000000000  -1.0993000000000   0.0392000000000
H25    -6.0461000000000   0.9863000000000   0.0672000000000
H26    -4.5215000000000   4.4561000000000   0.0587000000000
H27    -5.7933000000000   3.6104000000000  -0.8283000000000
H28    -5.7858000000000   3.5928000000000   0.9396000000000
H29    -2.4341000000000   3.3325000000000   0.0041000000000
H30     1.9055000000000  -0.9732000000000   0.4278000000000
H31     1.9521000000000   0.7395000000000   0.5754000000000
H32     4.0138000000000   0.1240000000000  -2.1507000000000
H33     0.1847000000000   2.5953000000000   2.1255000000000
H34     1.3698000000000   4.7814000000000   2.1086000000000
H35     1.9006000000000   5.8951000000000  -0.0522000000000
H36     1.2369000000000   4.8282000000000  -2.2000000000000
H37     0.0508000000000   2.6431000000000  -2.1910000000000
&
