MAEFILE: SM08_micro006.mae
&gen
molchg=-1
&
entry_name: SM08_micro006
&zmat
C1     -4.1984000000000  -0.1455000000000   0.0294000000000
C2     -4.9552000000000   1.0411000000000   0.0218000000000
C3     -4.3063000000000   2.2923000000000   0.0038000000000
C4     -5.1288000000000   3.5642000000000  -0.0038000000000
C5     -2.8963000000000   2.3528000000000  -0.0066000000000
C6     -2.1285000000000   1.1649000000000   0.0014000000000
C7     -2.7920000000000  -0.0761000000000   0.0192000000000
C8     -0.6500000000000   1.1548000000000  -0.0050000000000
C9      0.0315000000000  -0.0271000000000   0.0091000000000
C10    -0.6812000000000  -1.3198000000000   0.0235000000000
O11    -0.1255000000000  -2.4173000000000   0.0303000000000
N12    -2.0275000000000  -1.2604000000000   0.0270000000000
C13     1.5653000000000  -0.0912000000000   0.0071000000000
C14     2.2163000000000   0.0331000000000  -1.3765000000000
O15     3.4532000000000   0.2140000000000  -1.3953000000000
O16     1.4854000000000  -0.0549000000000  -2.3884000000000
C17     0.0744000000000   2.4373000000000  -0.0215000000000
C18     0.4359000000000   3.0566000000000   1.1928000000000
C19     1.1062000000000   4.2952000000000   1.1753000000000
C20     1.4050000000000   4.9179000000000  -0.0528000000000
C21     1.0298000000000   4.3056000000000  -1.2649000000000
C22     0.3587000000000   3.0676000000000  -1.2506000000000
H23    -2.5352000000000  -2.1327000000000   0.0321000000000
H24    -4.6981000000000  -1.1030000000000   0.0436000000000
H25    -6.0342000000000   0.9895000000000   0.0301000000000
H26    -4.4940000000000   4.4509000000000  -0.0044000000000
H27    -5.7630000000000   3.5981000000000  -0.8900000000000
H28    -5.7684000000000   3.6043000000000   0.8782000000000
H29    -2.4113000000000   3.3178000000000  -0.0202000000000
H30     1.9172000000000  -1.0136000000000   0.4702000000000
H31     1.9636000000000   0.7003000000000   0.6417000000000
H32     0.2054000000000   2.5814000000000   2.1352000000000
H33     1.3910000000000   4.7677000000000   2.1037000000000
H34     1.9204000000000   5.8669000000000  -0.0654000000000
H35     1.2570000000000   4.7844000000000  -2.2057000000000
H36     0.0710000000000   2.5991000000000  -2.1807000000000
&
