MAEFILE: SM08_micro004.mae
&gen
molchg=-2
&
entry_name: SM08_micro004
&zmat
C1     -4.2216000000000  -0.1580000000000   0.0459000000000
C2     -4.9887000000000   1.0213000000000   0.0337000000000
C3     -4.3516000000000   2.2748000000000   0.0034000000000
C4     -5.1795000000000   3.5432000000000  -0.0063000000000
C5     -2.9446000000000   2.3372000000000  -0.0162000000000
C6     -2.1722000000000   1.1521000000000  -0.0029000000000
C7     -2.8107000000000  -0.1130000000000   0.0287000000000
C8     -0.6912000000000   1.1745000000000  -0.0150000000000
C9     -0.0036000000000  -0.0014000000000   0.0003000000000
C10    -0.7454000000000  -1.2771000000000   0.0179000000000
N11    -2.1076000000000  -1.2608000000000   0.0402000000000
O12    -0.1280000000000  -2.3420000000000   0.0121000000000
C13     1.5318000000000  -0.0625000000000   0.0115000000000
C14     2.2013000000000   0.0673000000000  -1.3627000000000
O15     3.4323000000000   0.2892000000000  -1.3629000000000
O16     1.4928000000000  -0.0564000000000  -2.3867000000000
C17     0.0214000000000   2.4638000000000  -0.0287000000000
C18     0.3747000000000   3.0853000000000   1.1870000000000
C19     1.0365000000000   4.3287000000000   1.1720000000000
C20     1.3345000000000   4.9540000000000  -0.0549000000000
C21     0.9675000000000   4.3393000000000  -1.2683000000000
C22     0.3053000000000   3.0964000000000  -1.2566000000000
H23    -4.7280000000000  -1.1123000000000   0.0695000000000
H24    -6.0669000000000   0.9597000000000   0.0481000000000
H25    -4.5479000000000   4.4321000000000  -0.0043000000000
H26    -5.8106000000000   3.5754000000000  -0.8946000000000
H27    -5.8222000000000   3.5803000000000   0.8736000000000
H28    -2.4634000000000   3.3036000000000  -0.0398000000000
H29     1.8860000000000  -0.9796000000000   0.4826000000000
H30     1.9168000000000   0.7331000000000   0.6491000000000
H31     0.1442000000000   2.6073000000000   2.1278000000000
H32     1.3155000000000   4.8020000000000   2.1016000000000
H33     1.8435000000000   5.9063000000000  -0.0653000000000
H34     1.1942000000000   4.8199000000000  -2.2084000000000
H35     0.0237000000000   2.6253000000000  -2.1872000000000
&
