MAEFILE: SM08_micro003.mae
&gen
molchg=-1
&
entry_name: SM08_micro003
&zmat
C1     -4.2212000000000  -0.1510000000000   0.0193000000000
C2     -4.9942000000000   1.0241000000000   0.0400000000000
C3     -4.3636000000000   2.2813000000000   0.0376000000000
C4     -5.1987000000000   3.5447000000000   0.0611000000000
C5     -2.9574000000000   2.3518000000000   0.0140000000000
C6     -2.1793000000000   1.1705000000000  -0.0064000000000
C7     -2.8106000000000  -0.0985000000000  -0.0031000000000
C8     -0.6992000000000   1.2007000000000  -0.0263000000000
C9     -0.0065000000000   0.0281000000000  -0.0366000000000
C10    -0.7409000000000  -1.2515000000000  -0.0456000000000
N11    -2.1024000000000  -1.2430000000000  -0.0215000000000
O12    -0.1156000000000  -2.3111000000000  -0.0815000000000
C13     1.5264000000000  -0.0279000000000  -0.0493000000000
C14     2.1950000000000   0.0649000000000  -1.4228000000000
O15     1.5757000000000   0.1434000000000  -2.4823000000000
O16     3.5542000000000   0.0484000000000  -1.3113000000000
C17     0.0063000000000   2.4937000000000  -0.0332000000000
C18     0.3504000000000   3.1138000000000   1.1856000000000
C19     1.0054000000000   4.3608000000000   1.1769000000000
C20     1.3058000000000   4.9910000000000  -0.0471000000000
C21     0.9466000000000   4.3779000000000  -1.2638000000000
C22     0.2911000000000   3.1315000000000  -1.2581000000000
H23    -4.7234000000000  -1.1079000000000   0.0207000000000
H24    -6.0720000000000   0.9567000000000   0.0580000000000
H25    -4.5724000000000   4.4372000000000   0.0698000000000
H26    -5.8415000000000   3.5878000000000  -0.8184000000000
H27    -5.8301000000000   3.5624000000000   0.9498000000000
H28    -2.4817000000000   3.3213000000000   0.0126000000000
H29     1.8811000000000  -0.9317000000000   0.4471000000000
H30     1.9194000000000   0.7826000000000   0.5643000000000
H31     3.9846000000000   0.1034000000000  -2.1504000000000
H32     0.1165000000000   2.6331000000000   2.1245000000000
H33     1.2763000000000   4.8340000000000   2.1090000000000
H34     1.8088000000000   5.9467000000000  -0.0528000000000
H35     1.1726000000000   4.8636000000000  -2.2016000000000
H36     0.0123000000000   2.6636000000000  -2.1912000000000
&
