MAEFILE: SM09_micro013.mae
&gen
molchg=2
&
entry_name: SM09_micro013
&zmat
C1     -0.6341000000000   1.5555000000000  -0.0007000000000
O2     -0.0367000000000   0.2666000000000  -0.0031000000000
C3      1.3396000000000   0.1884000000000  -0.0017000000000
C4      2.1993000000000   1.3145000000000   0.0019000000000
C5      3.5952000000000   1.1408000000000   0.0036000000000
C6      4.1468000000000  -0.1527000000000   0.0021000000000
C7      3.3091000000000  -1.2859000000000  -0.0023000000000
C8      1.9023000000000  -1.1052000000000  -0.0046000000000
N9      4.0083000000000  -2.5633000000000  -0.0079000000000
C10     3.5171000000000  -3.8289000000000  -0.0018000000000
N11     2.1975000000000  -4.1034000000000   0.0060000000000
C12     1.7211000000000  -5.3679000000000   0.0049000000000
N13     2.4963000000000  -6.4716000000000  -0.0042000000000
C14     3.9198000000000  -6.2917000000000  -0.0078000000000
C15     4.4411000000000  -4.9766000000000  -0.0061000000000
C16     4.7641000000000  -7.4182000000000  -0.0119000000000
C17     6.1598000000000  -7.2329000000000  -0.0143000000000
C18     6.6978000000000  -5.9305000000000  -0.0123000000000
C19     5.8465000000000  -4.8064000000000  -0.0081000000000
H20     1.5410000000000  -3.3361000000000   0.0108000000000
H21     2.0692000000000  -7.3878000000000  -0.0057000000000
H22    -1.7189000000000   1.4496000000000  -0.0009000000000
H23    -0.3588000000000   2.1217000000000   0.8901000000000
H24    -0.3587000000000   2.1246000000000  -0.8896000000000
H25     1.8131000000000   2.3225000000000   0.0032000000000
H26     4.2451000000000   2.0038000000000   0.0057000000000
H27     5.2213000000000  -0.2677000000000   0.0027000000000
H28     1.2053000000000  -1.9239000000000  -0.0089000000000
H29     5.0178000000000  -2.5284000000000  -0.0109000000000
H30     0.6463000000000  -5.5039000000000   0.0110000000000
H31     4.3520000000000  -8.4170000000000  -0.0131000000000
H32     6.8186000000000  -8.0891000000000  -0.0176000000000
H33     7.7695000000000  -5.7932000000000  -0.0140000000000
H34     6.2922000000000  -3.8223000000000  -0.0066000000000
&
