MAEFILE: SM09_micro014.mae
&gen
molchg=2
&
entry_name: SM09_micro014
&zmat
C1      1.1587000000000  -1.2319000000000  -1.3129000000000
O2      0.7290000000000  -0.8616000000000  -0.0107000000000
C3      1.4336000000000   0.1197000000000   0.6525000000000
C4      0.9954000000000   0.4573000000000   1.9515000000000
C5      1.6550000000000   1.4478000000000   2.7070000000000
C6      2.7697000000000   2.1177000000000   2.1701000000000
C7      3.2098000000000   1.7814000000000   0.8771000000000
C8      2.5563000000000   0.7960000000000   0.1116000000000
N9      4.4064000000000   2.4921000000000   0.3047000000000
C10     5.6766000000000   1.6900000000000   0.4355000000000
N11     6.2614000000000   1.7230000000000   1.6570000000000
C12     7.3913000000000   1.0270000000000   1.8505000000000
N13     7.9720000000000   0.2981000000000   0.8881000000000
C14     7.4285000000000   0.2423000000000  -0.3482000000000
C15     6.2347000000000   0.9537000000000  -0.6329000000000
C16     8.0259000000000  -0.5149000000000  -1.3769000000000
C17     7.4536000000000  -0.5638000000000  -2.6629000000000
C18     6.2716000000000   0.1496000000000  -2.9357000000000
C19     5.6599000000000   0.9110000000000  -1.9224000000000
H20     4.2380000000000   2.6956000000000  -0.6701000000000
H21     4.5201000000000   3.3828000000000   0.7672000000000
H22     5.8478000000000   2.2664000000000   2.4151000000000
H23     0.5085000000000  -2.0184000000000  -1.6960000000000
H24     1.1021000000000  -0.3913000000000  -2.0058000000000
H25     2.1770000000000  -1.6230000000000  -1.3011000000000
H26     0.1411000000000  -0.0510000000000   2.3751000000000
H27     1.3041000000000   1.6915000000000   3.6992000000000
H28     3.2777000000000   2.8763000000000   2.7476000000000
H29     2.9268000000000   0.5709000000000  -0.8764000000000
H30     7.8294000000000   1.0743000000000   2.8369000000000
H31     8.9350000000000  -1.0652000000000  -1.1804000000000
H32     7.9235000000000  -1.1481000000000  -3.4408000000000
H33     5.8358000000000   0.1123000000000  -3.9239000000000
H34     4.7558000000000   1.4560000000000  -2.1497000000000
&
