MAEFILE: SM09_micro002.mae
&gen
&
entry_name: SM09_micro002
&zmat
C1     -0.2571000000000   1.1170000000000   1.2565000000000
O2     -0.0307000000000   0.0933000000000   0.2988000000000
C3      1.1453000000000   0.1257000000000  -0.4197000000000
C4      1.3468000000000  -0.9018000000000  -1.3636000000000
C5      2.5153000000000  -0.9414000000000  -2.1471000000000
C6      3.5028000000000   0.0473000000000  -1.9880000000000
C7      3.3301000000000   1.0731000000000  -1.0323000000000
C8      2.1457000000000   1.1189000000000  -0.2664000000000
N9      4.2857000000000   2.0766000000000  -0.8770000000000
C10     5.4762000000000   1.9146000000000  -0.4341000000000
N11     6.3539000000000   3.0584000000000  -0.5900000000000
C12     7.6247000000000   2.9150000000000  -0.3772000000000
N13     8.2036000000000   1.7277000000000   0.0329000000000
C14     7.4568000000000   0.6044000000000   0.3863000000000
C15     6.0471000000000   0.6510000000000   0.2045000000000
C16     8.0962000000000  -0.5179000000000   0.9482000000000
C17     7.3322000000000  -1.6191000000000   1.3689000000000
C18     5.9328000000000  -1.5808000000000   1.2457000000000
C19     5.2981000000000  -0.4565000000000   0.6825000000000
H20     9.1991000000000   1.6535000000000   0.1844000000000
H21    -1.2201000000000   0.9512000000000   1.7392000000000
H22     0.5070000000000   1.1108000000000   2.0350000000000
H23    -0.2888000000000   2.1015000000000   0.7880000000000
H24     0.5936000000000  -1.6653000000000  -1.4923000000000
H25     2.6531000000000  -1.7299000000000  -2.8721000000000
H26     4.3953000000000   0.0130000000000  -2.5957000000000
H27     2.0291000000000   1.9251000000000   0.4422000000000
H28     8.3253000000000   3.7414000000000  -0.5036000000000
H29     9.1693000000000  -0.5313000000000   1.0710000000000
H30     7.8155000000000  -2.4814000000000   1.8041000000000
H31     5.3399000000000  -2.4145000000000   1.5920000000000
H32     4.2228000000000  -0.4791000000000   0.6508000000000
&
