MAEFILE: SM09_micro011.mae
&gen
&
entry_name: SM09_micro011
&zmat
C1     -0.6795000000000   2.3533000000000  -0.0002000000000
O2     -0.6093000000000   0.9351000000000  -0.0006000000000
C3      0.6365000000000   0.3444000000000  -0.0004000000000
C4      0.6763000000000  -1.0589000000000  -0.0001000000000
C5      1.9103000000000  -1.7254000000000   0.0008000000000
C6      3.1179000000000  -1.0020000000000   0.0015000000000
C7      3.1250000000000   0.4153000000000   0.0004000000000
C8      1.8615000000000   1.0567000000000  -0.0003000000000
N9      4.1777000000000   1.3582000000000   0.0003000000000
C10     5.4785000000000   1.4704000000000   0.0000000000000
N11     5.9022000000000   2.7901000000000  -0.0001000000000
C12     7.1937000000000   3.2738000000000   0.0002000000000
N13     8.2291000000000   2.5062000000000   0.0006000000000
C14     7.9997000000000   1.1167000000000   0.0003000000000
C15     6.6891000000000   0.5135000000000  -0.0003000000000
C16     9.1657000000000   0.3219000000000   0.0005000000000
C17     9.0858000000000  -1.0766000000000   0.0001000000000
C18     7.8254000000000  -1.6855000000000  -0.0008000000000
C19     6.6582000000000  -0.9001000000000  -0.0015000000000
H20     5.1695000000000   3.4845000000000  -0.0002000000000
H21    -1.7251000000000   2.6609000000000  -0.0001000000000
H22    -0.2118000000000   2.7753000000000   0.8904000000000
H23    -0.2118000000000   2.7758000000000  -0.8906000000000
H24    -0.2427000000000  -1.6267000000000  -0.0003000000000
H25     1.9331000000000  -2.8051000000000   0.0013000000000
H26     3.9657000000000  -1.6312000000000   0.0034000000000
H27     1.8497000000000   2.1368000000000  -0.0007000000000
H28     7.2772000000000   4.3616000000000   0.0001000000000
H29    10.1392000000000   0.7913000000000   0.0008000000000
H30     9.9842000000000  -1.6763000000000   0.0003000000000
H31     7.7498000000000  -2.7630000000000  -0.0013000000000
H32     5.7703000000000  -1.4611000000000  -0.0034000000000
&
