MAEFILE: SM09_micro008.mae
&gen
molchg=2
&
entry_name: SM09_micro008
&zmat
C1     -0.5509000000000   1.9959000000000   0.0000000000000
O2     -0.0753000000000   0.6575000000000   0.0000000000000
C3      1.2876000000000   0.4507000000000   0.0000000000000
C4      2.2471000000000   1.4931000000000   0.0000000000000
C5      3.6210000000000   1.1924000000000   0.0000000000000
C6      4.0506000000000  -0.1465000000000   0.0000000000000
C7      3.1113000000000  -1.1971000000000   0.0000000000000
C8      1.7272000000000  -0.8902000000000   0.0000000000000
N9      3.7433000000000  -2.5936000000000   0.0000000000000
C10     2.9678000000000  -3.9127000000000   0.0000000000000
N11     1.6232000000000  -3.8814000000000   0.0000000000000
C12     0.9435000000000  -5.0348000000000   0.0000000000000
N13     1.5419000000000  -6.2353000000000   0.0000000000000
C14     2.8960000000000  -6.3180000000000   0.0000000000000
C15     3.6760000000000  -5.1341000000000   0.0000000000000
C16     3.5249000000000  -7.5788000000000   0.0000000000000
C17     4.9312000000000  -7.6620000000000   0.0000000000000
C18     5.7088000000000  -6.4872000000000   0.0000000000000
C19     5.0864000000000  -5.2231000000000   0.0000000000000
H20     4.3620000000000  -2.6258000000000  -0.7974000000000
H21     4.3620000000000  -2.6258000000000   0.7974000000000
H22     0.9857000000000  -7.0907000000000   0.0000000000000
H23    -1.6410000000000   1.9903000000000   0.0000000000000
H24    -0.2244000000000   2.5356000000000   0.8899000000000
H25    -0.2244000000000   2.5356000000000  -0.8899000000000
H26     1.9544000000000   2.5322000000000   0.0000000000000
H27     4.3470000000000   1.9924000000000   0.0000000000000
H28     5.1093000000000  -0.3619000000000   0.0000000000000
H29     0.9514000000000  -1.6324000000000   0.0000000000000
H30    -0.1367000000000  -5.0301000000000   0.0000000000000
H31     2.9377000000000  -8.4863000000000   0.0000000000000
H32     5.4152000000000  -8.6279000000000   0.0000000000000
H33     6.7870000000000  -6.5575000000000   0.0000000000000
H34     5.7045000000000  -4.3376000000000   0.0000000000000
&
