MAEFILE: SM09_micro001.mae
&gen
molchg=1
&
entry_name: SM09_micro001
&zmat
C1     -0.9433000000000   0.2636000000000   0.0332000000000
O2      0.0766000000000  -0.7248000000000   0.0400000000000
C3      1.3909000000000  -0.3086000000000   0.0142000000000
C4      2.3752000000000  -1.3173000000000  -0.0081000000000
C5      3.7429000000000  -0.9896000000000  -0.0395000000000
C6      4.1424000000000   0.3585000000000  -0.0454000000000
C7      3.1753000000000   1.3826000000000  -0.0194000000000
C8      1.7982000000000   1.0505000000000   0.0092000000000
N9      3.6972000000000   2.7400000000000  -0.0212000000000
C10     3.1827000000000   3.9324000000000   0.0049000000000
N11     1.8281000000000   4.1147000000000   0.0293000000000
C12     1.3528000000000   5.3258000000000   0.0556000000000
N13     2.1551000000000   6.4615000000000   0.0598000000000
C14     3.5512000000000   6.3780000000000   0.0371000000000
C15     4.1283000000000   5.0832000000000   0.0081000000000
C16     4.3659000000000   7.5265000000000   0.0440000000000
C17     5.7671000000000   7.3835000000000   0.0230000000000
C18     6.3492000000000   6.0998000000000  -0.0052000000000
C19     5.5361000000000   4.9482000000000  -0.0131000000000
H20     4.7117000000000   2.7463000000000  -0.0430000000000
H21     1.7633000000000   7.3923000000000   0.0812000000000
H22    -1.9178000000000  -0.2247000000000   0.0400000000000
H23    -0.8879000000000   0.9004000000000   0.9172000000000
H24    -0.8921000000000   0.8830000000000  -0.8634000000000
H25     2.0770000000000  -2.3556000000000  -0.0025000000000
H26     4.4852000000000  -1.7739000000000  -0.0584000000000
H27     5.1952000000000   0.6001000000000  -0.0682000000000
H28     1.0491000000000   1.8212000000000   0.0279000000000
H29     0.2802000000000   5.5248000000000   0.0767000000000
H30     3.9237000000000   8.5120000000000   0.0655000000000
H31     6.3978000000000   8.2607000000000   0.0292000000000
H32     7.4246000000000   5.9987000000000  -0.0208000000000
H33     6.0073000000000   3.9767000000000  -0.0341000000000
&
