MAEFILE: SM09_micro003.mae
&gen
&
entry_name: SM09_micro003
&zmat
C1     -0.8560000000000   0.2849000000000   0.8737000000000
O2      0.0794000000000  -0.7092000000000   0.4814000000000
C3      1.3589000000000  -0.3078000000000   0.1615000000000
C4      2.2734000000000  -1.3175000000000  -0.1994000000000
C5      3.5961000000000  -0.9949000000000  -0.5534000000000
C6      4.0207000000000   0.3460000000000  -0.5405000000000
C7      3.1314000000000   1.3726000000000  -0.1647000000000
C8      1.7967000000000   1.0413000000000   0.1690000000000
N9      3.6061000000000   2.6942000000000  -0.1867000000000
C10     3.2400000000000   3.7935000000000   0.6116000000000
N11     2.4708000000000   3.5795000000000   1.7043000000000
C12     2.1569000000000   4.6358000000000   2.4538000000000
N13     2.5293000000000   5.8988000000000   2.2458000000000
C14     3.3067000000000   6.1531000000000   1.1699000000000
C15     3.7021000000000   5.0996000000000   0.2970000000000
C16     3.7429000000000   7.4654000000000   0.8916000000000
C17     4.5541000000000   7.7365000000000  -0.2262000000000
C18     4.9408000000000   6.6920000000000  -1.0850000000000
C19     4.5172000000000   5.3755000000000  -0.8261000000000
H20    -1.8074000000000  -0.1901000000000   1.1123000000000
H21    -0.5214000000000   0.8185000000000   1.7645000000000
H22    -1.0381000000000   0.9999000000000   0.0705000000000
H23     1.9556000000000  -2.3499000000000  -0.2113000000000
H24     4.2854000000000  -1.7771000000000  -0.8351000000000
H25     5.0388000000000   0.5825000000000  -0.8144000000000
H26     1.1082000000000   1.8342000000000   0.4142000000000
H27     4.3799000000000   2.8630000000000  -0.8126000000000
H28     1.5385000000000   4.4493000000000   3.3192000000000
H29     3.4523000000000   8.2757000000000   1.5443000000000
H30     4.8794000000000   8.7473000000000  -0.4245000000000
H31     5.5623000000000   6.9007000000000  -1.9437000000000
H32     4.8251000000000   4.5893000000000  -1.4992000000000
&
