MAEFILE: SM10_micro002.mae
&gen
molchg=-2
&
entry_name: SM10_micro002
&zmat
C1     -2.9970000000000  -0.0844000000000   0.0002000000000
C2     -4.4053000000000  -0.1041000000000   0.0002000000000
C3     -5.1294000000000   1.1014000000000   0.0002000000000
C4     -4.4417000000000   2.3280000000000   0.0002000000000
C5     -3.0333000000000   2.3483000000000   0.0002000000000
C6     -2.2850000000000   1.1452000000000   0.0002000000000
C7     -0.7704000000000   1.2085000000000   0.0001000000000
O8     -0.2281000000000   2.3162000000000  -0.0002000000000
N9     -0.1629000000000  -0.0061000000000   0.0003000000000
C10     1.1877000000000  -0.1351000000000   0.0001000000000
C11     2.0354000000000  -1.2293000000000  -0.0001000000000
O12     3.2838000000000  -1.3248000000000  -0.0003000000000
N13     1.3271000000000  -2.4419000000000   0.0000000000000
C14     1.7877000000000  -3.7654000000000   0.0000000000000
N15     3.0659000000000  -4.1755000000000  -0.0001000000000
S16     0.5700000000000  -5.0478000000000   0.0000000000000
C17     1.8693000000000  -6.2354000000000  -0.0001000000000
C18     3.1276000000000  -5.5652000000000  -0.0001000000000
C19     1.7828000000000  -7.6401000000000  -0.0001000000000
C20     2.9602000000000  -8.4102000000000  -0.0002000000000
C21     4.2149000000000  -7.7717000000000  -0.0002000000000
C22     4.2948000000000  -6.3649000000000  -0.0002000000000
H23    -2.4820000000000  -1.0339000000000   0.0001000000000
H24    -4.9290000000000  -1.0486000000000   0.0002000000000
H25    -6.2092000000000   1.0848000000000   0.0002000000000
H26    -4.9939000000000   3.2560000000000   0.0003000000000
H27    -2.5340000000000   3.3064000000000   0.0002000000000
H28     1.7434000000000   0.8288000000000   0.0000000000000
H29     0.3173000000000  -2.4108000000000   0.0001000000000
H30     0.8167000000000  -8.1225000000000  -0.0001000000000
H31     2.9013000000000  -9.4887000000000  -0.0002000000000
H32     5.1193000000000  -8.3620000000000  -0.0002000000000
H33     5.2625000000000  -5.8857000000000  -0.0002000000000
&
