MAEFILE: SM10_micro028.mae
&gen
molchg=1
&
entry_name: SM10_micro028
&zmat
C1     -2.5004000000000   2.0257000000000   0.6378000000000
C2     -3.7662000000000   2.5606000000000   0.9467000000000
C3     -4.9290000000000   1.8055000000000   0.7042000000000
C4     -4.8250000000000   0.5167000000000   0.1482000000000
C5     -3.5597000000000  -0.0192000000000  -0.1616000000000
C6     -2.3844000000000   0.7277000000000   0.0907000000000
C7     -1.0286000000000   0.1786000000000  -0.2527000000000
O8     -0.1004000000000   0.9276000000000  -0.5600000000000
N9     -0.8957000000000  -1.1546000000000  -0.1468000000000
C10     0.3336000000000  -1.8997000000000  -0.4073000000000
C11     0.6373000000000  -2.0510000000000  -1.9036000000000
O12    -0.2859000000000  -2.1353000000000  -2.7142000000000
N13     1.9414000000000  -2.1112000000000  -2.2246000000000
C14     2.5159000000000  -2.2227000000000  -3.5161000000000
N15     3.8749000000000  -2.2939000000000  -3.5881000000000
S16     1.6607000000000  -2.2713000000000  -5.0670000000000
C17     3.2463000000000  -2.3975000000000  -5.8631000000000
C18     4.2609000000000  -2.3884000000000  -4.8501000000000
C19     3.5604000000000  -2.4941000000000  -7.2310000000000
C20     4.9067000000000  -2.5863000000000  -7.6275000000000
C21     5.9254000000000  -2.5800000000000  -6.6560000000000
C22     5.6041000000000  -2.4819000000000  -5.2868000000000
H23     4.5508000000000  -2.2815000000000  -2.8349000000000
H24    -1.6185000000000   2.6204000000000   0.8280000000000
H25    -3.8444000000000   3.5520000000000   1.3681000000000
H26    -5.8997000000000   2.2161000000000   0.9401000000000
H27    -5.7172000000000  -0.0606000000000  -0.0446000000000
H28    -3.5052000000000  -1.0061000000000  -0.5978000000000
H29    -1.7062000000000  -1.6899000000000   0.1295000000000
H30     0.2299000000000  -2.8944000000000   0.0268000000000
H31     1.1699000000000  -1.4198000000000   0.1047000000000
H32     2.5948000000000  -2.0556000000000  -1.4572000000000
H33     2.7737000000000  -2.4980000000000  -7.9710000000000
H34     5.1590000000000  -2.6615000000000  -8.6752000000000
H35     6.9592000000000  -2.6507000000000  -6.9616000000000
H36     6.4030000000000  -2.4788000000000  -4.5597000000000
&
