MAEFILE: SM10_micro023.mae
&gen
molchg=-1
&
entry_name: SM10_micro023
&zmat
C1     -3.3581000000000   1.3673000000000   1.3152000000000
C2     -4.7042000000000   1.0056000000000   1.5181000000000
C3     -5.2788000000000  -0.0296000000000   0.7570000000000
C4     -4.5072000000000  -0.7005000000000  -0.2103000000000
C5     -3.1608000000000  -0.3401000000000  -0.4137000000000
C6     -2.5717000000000   0.6910000000000   0.3557000000000
C7     -1.1440000000000   1.1009000000000   0.1332000000000
O8     -0.7908000000000   2.2697000000000   0.2926000000000
N9     -0.3030000000000   0.1055000000000  -0.1920000000000
C10     1.1206000000000   0.2600000000000  -0.4803000000000
C11     1.3917000000000   0.4728000000000  -1.9771000000000
O12     0.5249000000000   0.1960000000000  -2.8099000000000
N13     2.6378000000000   0.9601000000000  -2.1852000000000
C14     3.0530000000000   1.2032000000000  -3.4383000000000
N15     3.8483000000000   0.3454000000000  -4.0945000000000
S16     2.6249000000000   2.6677000000000  -4.3433000000000
C17     3.5617000000000   2.0725000000000  -5.7071000000000
C18     4.1386000000000   0.8147000000000  -5.3717000000000
C19     3.7700000000000   2.6676000000000  -6.9653000000000
C20     4.5666000000000   2.0119000000000  -7.9217000000000
C21     5.1487000000000   0.7676000000000  -7.6139000000000
C22     4.9358000000000   0.1779000000000  -6.3518000000000
H23    -2.9320000000000   2.1658000000000   1.9056000000000
H24    -5.2968000000000   1.5246000000000   2.2569000000000
H25    -6.3115000000000  -0.3057000000000   0.9118000000000
H26    -4.9489000000000  -1.4901000000000  -0.8000000000000
H27    -2.5894000000000  -0.8592000000000  -1.1696000000000
H28    -0.6843000000000  -0.8242000000000  -0.2859000000000
H29     1.6313000000000  -0.6490000000000  -0.1612000000000
H30     1.5420000000000   1.0775000000000   0.1087000000000
H31     3.3195000000000   3.6221000000000  -7.1936000000000
H32     4.7314000000000   2.4620000000000  -8.8895000000000
H33     5.7606000000000   0.2632000000000  -8.3470000000000
H34     5.3876000000000  -0.7768000000000  -6.1275000000000
&
