MAEFILE: SM10_micro019.mae
&gen
&
entry_name: SM10_micro019
&zmat
C1     -2.6258000000000   0.3271000000000  -0.0001000000000
C2     -4.0332000000000   0.2727000000000   0.0000000000000
C3     -4.7864000000000   1.4607000000000   0.0001000000000
C4     -4.1300000000000   2.7049000000000   0.0001000000000
C5     -2.7228000000000   2.7614000000000   0.0000000000000
C6     -1.9512000000000   1.5744000000000  -0.0001000000000
C7     -0.4446000000000   1.6578000000000  -0.0002000000000
O8      0.1237000000000   2.7512000000000  -0.0004000000000
N9      0.2104000000000   0.4842000000000   0.0000000000000
C10     1.6004000000000   0.3433000000000   0.0001000000000
C11     2.2665000000000  -0.8706000000000   0.0001000000000
O12     3.4880000000000  -1.1416000000000   0.0002000000000
N13     1.3954000000000  -1.9735000000000   0.0000000000000
C14     1.6705000000000  -3.3484000000000  -0.0001000000000
N15     2.8794000000000  -3.9307000000000  -0.0001000000000
S16     0.2872000000000  -4.4496000000000  -0.0001000000000
C17     1.4099000000000  -5.8055000000000  -0.0001000000000
C18     2.7489000000000  -5.3162000000000  -0.0001000000000
C19     1.1300000000000  -7.1850000000000  -0.0001000000000
C20     2.1897000000000  -8.1105000000000  -0.0002000000000
C21     3.5206000000000  -7.6519000000000  -0.0002000000000
C22     3.7942000000000  -6.2695000000000  -0.0002000000000
H23    -0.5679000000000   3.4891000000000   0.0001000000000
H24    -2.0824000000000  -0.6067000000000  -0.0002000000000
H25    -4.5353000000000  -0.6837000000000   0.0000000000000
H26    -5.8657000000000   1.4177000000000   0.0001000000000
H27    -4.7069000000000   3.6180000000000   0.0002000000000
H28    -2.2477000000000   3.7317000000000   0.0000000000000
H29    -0.3265000000000  -0.3710000000000   0.0001000000000
H30     2.1458000000000   1.2767000000000   0.0002000000000
H31     0.3991000000000  -1.8181000000000   0.0000000000000
H32     0.1068000000000  -7.5302000000000  -0.0001000000000
H33     1.9826000000000  -9.1708000000000  -0.0002000000000
H34     4.3349000000000  -8.3615000000000  -0.0002000000000
H35     4.8193000000000  -5.9298000000000  -0.0002000000000
&
