MAEFILE: SM10_micro016.mae
&gen
molchg=1
&
entry_name: SM10_micro016
&zmat
C1     -2.8444000000000   0.4176000000000  -0.0732000000000
C2     -4.0056000000000   0.7278000000000   0.6611000000000
C3     -4.3061000000000   2.0667000000000   0.9739000000000
C4     -3.4463000000000   3.0966000000000   0.5483000000000
C5     -2.2846000000000   2.7882000000000  -0.1858000000000
C6     -1.9687000000000   1.4459000000000  -0.4946000000000
C7     -0.7338000000000   1.1294000000000  -1.2896000000000
O8     -0.2403000000000   1.9418000000000  -2.0702000000000
N9     -0.1308000000000  -0.0975000000000  -1.0516000000000
C10     0.8820000000000  -0.0782000000000   0.0248000000000
C11     1.4050000000000  -1.4961000000000   0.2482000000000
O12     1.0691000000000  -2.0932000000000   1.2743000000000
N13     2.2203000000000  -1.9233000000000  -0.7942000000000
C14     2.7293000000000  -3.1183000000000  -0.8009000000000
N15     2.5900000000000  -4.1494000000000   0.1329000000000
S16     3.8112000000000  -3.8107000000000  -2.0973000000000
C17     3.9555000000000  -5.3484000000000  -1.2886000000000
C18     3.2347000000000  -5.3641000000000  -0.0990000000000
C19     4.6865000000000  -6.4630000000000  -1.7316000000000
C20     4.6708000000000  -7.6220000000000  -0.9239000000000
C21     3.9388000000000  -7.6455000000000   0.2886000000000
C22     3.2109000000000  -6.5109000000000   0.7138000000000
H23    -0.8460000000000  -0.7644000000000  -0.8011000000000
H24     0.3165000000000  -0.4116000000000  -1.9010000000000
H25     2.0473000000000  -4.0649000000000   0.9806000000000
H26    -2.6402000000000  -0.6169000000000  -0.3080000000000
H27    -4.6685000000000  -0.0622000000000   0.9822000000000
H28    -5.1972000000000   2.3040000000000   1.5365000000000
H29    -3.6785000000000   4.1249000000000   0.7842000000000
H30    -1.6367000000000   3.5919000000000  -0.5056000000000
H31     0.4448000000000   0.2976000000000   0.9523000000000
H32     1.7084000000000   0.5847000000000  -0.2389000000000
H33     5.2417000000000  -6.4357000000000  -2.6576000000000
H34     5.2213000000000  -8.4979000000000  -1.2340000000000
H35     3.9367000000000  -8.5396000000000   0.8944000000000
H36     2.6519000000000  -6.5272000000000   1.6378000000000
&
