MAEFILE: SM10_micro036.mae
&gen
&
entry_name: SM10_micro036
&zmat
C1     -3.1626000000000   1.3304000000000  -0.0851000000000
C2     -4.4880000000000   0.8615000000000   0.0010000000000
C3     -4.7515000000000  -0.5204000000000  -0.0470000000000
C4     -3.6889000000000  -1.4331000000000  -0.1847000000000
C5     -2.3629000000000  -0.9655000000000  -0.2702000000000
C6     -2.0878000000000   0.4215000000000  -0.2105000000000
C7     -0.6813000000000   0.9362000000000  -0.3238000000000
O8     -0.4467000000000   2.0277000000000  -0.8425000000000
N9      0.2686000000000   0.1512000000000   0.2125000000000
C10     1.7017000000000   0.4477000000000   0.2309000000000
C11     2.4624000000000   0.0627000000000  -1.0494000000000
O12     3.6659000000000   0.3126000000000  -1.1095000000000
N13     1.7636000000000  -0.5347000000000  -2.0364000000000
C14     2.2144000000000  -0.9794000000000  -3.3070000000000
N15     3.4868000000000  -0.8673000000000  -3.7161000000000
S16     1.0834000000000  -1.7235000000000  -4.4400000000000
C17     2.4178000000000  -1.9098000000000  -5.5755000000000
C18     3.6162000000000  -1.3892000000000  -5.0003000000000
C19     2.4047000000000  -2.4696000000000  -6.8667000000000
C20     3.5948000000000  -2.5213000000000  -7.6152000000000
C21     4.7889000000000  -2.0126000000000  -7.0701000000000
C22     4.7969000000000  -1.4538000000000  -5.7765000000000
H23    -2.9775000000000   2.3946000000000  -0.0497000000000
H24    -5.3031000000000   1.5631000000000   0.1021000000000
H25    -5.7681000000000  -0.8795000000000   0.0181000000000
H26    -3.8912000000000  -2.4932000000000  -0.2281000000000
H27    -1.5636000000000  -1.6830000000000  -0.3868000000000
H28    -0.0219000000000  -0.7162000000000   0.6400000000000
H29     2.1447000000000  -0.0953000000000   1.0661000000000
H30     1.8626000000000   1.5076000000000   0.4353000000000
H31     0.7810000000000  -0.6777000000000  -1.8542000000000
H32     1.4855000000000  -2.8571000000000  -7.2808000000000
H33     3.5923000000000  -2.9497000000000  -8.6068000000000
H34     5.7024000000000  -2.0514000000000  -7.6451000000000
H35     5.7205000000000  -1.0682000000000  -5.3703000000000
&
