MAEFILE: SM10_micro014.mae
&gen
molchg=-1
&
entry_name: SM10_micro014
&zmat
C1     -2.8718000000000  -0.2347000000000   0.0001000000000
C2     -4.2773000000000  -0.3268000000000   0.0002000000000
C3     -5.0625000000000   0.8397000000000   0.0002000000000
C4     -4.4387000000000   2.0999000000000   0.0003000000000
C5     -3.0334000000000   2.1927000000000   0.0002000000000
C6     -2.2242000000000   1.0300000000000   0.0002000000000
C7     -0.7153000000000   1.1721000000000   0.0000000000000
O8     -0.2308000000000   2.3062000000000  -0.0005000000000
N9     -0.0438000000000  -0.0082000000000   0.0005000000000
C10     1.3073000000000  -0.0579000000000   0.0003000000000
C11     2.1809000000000  -1.1244000000000   0.0000000000000
O12     3.5094000000000  -0.9471000000000  -0.0002000000000
N13     1.7819000000000  -2.4610000000000   0.0000000000000
C14     2.5359000000000  -3.6395000000000   0.0000000000000
N15     3.8743000000000  -3.7323000000000   0.0000000000000
S16     1.6571000000000  -5.1738000000000   0.0000000000000
C17     3.2021000000000  -6.0177000000000   0.0000000000000
C18     4.2652000000000  -5.0675000000000   0.0000000000000
C19     3.4521000000000  -7.4025000000000   0.0000000000000
C20     4.7789000000000  -7.8702000000000   0.0000000000000
C21     5.8458000000000  -6.9518000000000   0.0000000000000
C22     5.5892000000000  -5.5662000000000   0.0000000000000
H23    -2.3097000000000  -1.1570000000000   0.0001000000000
H24    -4.7526000000000  -1.2967000000000   0.0002000000000
H25    -6.1400000000000   0.7678000000000   0.0003000000000
H26    -5.0379000000000   2.9984000000000   0.0003000000000
H27    -2.5849000000000   3.1755000000000   0.0002000000000
H28     1.8184000000000   0.9306000000000   0.0002000000000
H29     3.6705000000000  -0.0159000000000  -0.0003000000000
H30     0.7816000000000  -2.6035000000000   0.0001000000000
H31     2.6288000000000  -8.1013000000000   0.0000000000000
H32     4.9779000000000  -8.9318000000000   0.0000000000000
H33     6.8645000000000  -7.3107000000000   0.0000000000000
H34     6.4162000000000  -4.8716000000000  -0.0001000000000
&
