MAEFILE: SM10_micro007.mae
&gen
&
entry_name: SM10_micro007
&zmat
C1     -2.1750000000000   4.1912000000000  -1.1007000000000
C2     -2.1846000000000   5.5991000000000  -1.1258000000000
C3     -1.5283000000000   6.3262000000000  -0.1152000000000
C4     -0.8638000000000   5.6442000000000   0.9216000000000
C5     -0.8522000000000   4.2359000000000   0.9471000000000
C6     -1.5014000000000   3.4976000000000  -0.0700000000000
C7     -1.5011000000000   1.9962000000000  -0.0586000000000
O8     -2.4427000000000   1.3602000000000  -0.5327000000000
N9     -0.3788000000000   1.4255000000000   0.4082000000000
C10    -0.0647000000000   0.0033000000000   0.3039000000000
C11     1.4439000000000  -0.2459000000000   0.0923000000000
O12     2.0643000000000  -0.7861000000000   1.0049000000000
N13     1.9725000000000   0.1188000000000  -1.1107000000000
C14     1.3075000000000   0.8327000000000  -2.0371000000000
N15     0.4454000000000   0.2706000000000  -2.8979000000000
S16     1.5193000000000   2.5833000000000  -2.2289000000000
C17     0.2866000000000   2.5728000000000  -3.4814000000000
C18    -0.1582000000000   1.2375000000000  -3.6967000000000
C19    -0.2418000000000   3.6538000000000  -4.2106000000000
C20    -1.2368000000000   3.4200000000000  -5.1770000000000
C21    -1.6918000000000   2.1084000000000  -5.4103000000000
C22    -1.1555000000000   1.0304000000000  -4.6781000000000
H23     3.0004000000000  -1.0000000000000   0.6857000000000
H24    -2.6790000000000   3.6474000000000  -1.8871000000000
H25    -2.6953000000000   6.1208000000000  -1.9217000000000
H26    -1.5364000000000   7.4061000000000  -0.1340000000000
H27    -0.3629000000000   6.2013000000000   1.6994000000000
H28    -0.3415000000000   3.7320000000000   1.7548000000000
H29     0.3528000000000   2.0311000000000   0.7510000000000
H30    -0.6303000000000  -0.4835000000000  -0.4923000000000
H31    -0.3803000000000  -0.4780000000000   1.2305000000000
H32     0.1111000000000   4.6573000000000  -4.0245000000000
H33    -1.6502000000000   4.2448000000000  -5.7385000000000
H34    -2.4556000000000   1.9278000000000  -6.1522000000000
H35    -1.5151000000000   0.0293000000000  -4.8644000000000
&
