MAEFILE: SM10_micro011.mae
&gen
&
entry_name: SM10_micro011
&zmat
C1     -2.6064000000000   0.2455000000000  -0.2712000000000
C2     -3.6560000000000   0.5376000000000  -1.1640000000000
C3     -4.0682000000000   1.8693000000000  -1.3574000000000
C4     -3.4320000000000   2.9097000000000  -0.6548000000000
C5     -2.3819000000000   2.6195000000000   0.2379000000000
C6     -1.9543000000000   1.2864000000000   0.4313000000000
C7     -0.8443000000000   0.9872000000000   1.3991000000000
O8     -0.5938000000000   1.7332000000000   2.3445000000000
N9     -0.0694000000000  -0.1342000000000   1.1426000000000
C10     1.0733000000000   0.1057000000000   0.2373000000000
C11     1.8033000000000  -1.2150000000000   0.0004000000000
O12     1.7661000000000  -1.7304000000000  -1.1172000000000
N13     2.4123000000000  -1.6584000000000   1.1263000000000
C14     3.0602000000000  -2.8338000000000   1.1106000000000
N15     2.4881000000000  -3.9550000000000   1.5728000000000
S16     4.7185000000000  -3.0305000000000   0.5134000000000
C17     4.6280000000000  -4.7452000000000   0.8929000000000
C18     3.3523000000000  -5.0393000000000   1.4533000000000
C19     5.6022000000000  -5.7446000000000   0.7122000000000
C20     5.3184000000000  -7.0693000000000   1.0915000000000
C21     4.0648000000000  -7.3851000000000   1.6486000000000
C22     3.0941000000000  -6.3792000000000   1.8267000000000
H23     0.3013000000000  -0.4892000000000   2.0126000000000
H24    -0.6501000000000  -0.8495000000000   0.7308000000000
H25    -2.3136000000000  -0.7852000000000  -0.1341000000000
H26    -4.1473000000000  -0.2617000000000  -1.6992000000000
H27    -4.8739000000000   2.0920000000000  -2.0415000000000
H28    -3.7503000000000   3.9317000000000  -0.7994000000000
H29    -1.9058000000000   3.4306000000000   0.7700000000000
H30     1.7583000000000   0.8399000000000   0.6667000000000
H31     0.7244000000000   0.5037000000000  -0.7176000000000
H32     6.5620000000000  -5.4948000000000   0.2850000000000
H33     6.0608000000000  -7.8420000000000   0.9564000000000
H34     3.8461000000000  -8.4016000000000   1.9407000000000
H35     2.1364000000000  -6.6349000000000   2.2549000000000
&
