MAEFILE: SM10_micro037.mae
&gen
&
entry_name: SM10_micro037
&zmat
C1     -2.8073000000000  -0.2217000000000  -0.5272000000000
C2     -4.1980000000000  -0.3485000000000  -0.3428000000000
C3     -4.9203000000000   0.6731000000000   0.3017000000000
C4     -4.2515000000000   1.8245000000000   0.7573000000000
C5     -2.8607000000000   1.9520000000000   0.5735000000000
C6     -2.1217000000000   0.9264000000000  -0.0595000000000
C7     -0.6397000000000   1.0930000000000  -0.2649000000000
O8     -0.1885000000000   2.2161000000000  -0.4919000000000
N9      0.0554000000000  -0.0595000000000  -0.1124000000000
C10     1.5052000000000  -0.0590000000000  -0.2470000000000
C11     2.1521000000000  -1.4342000000000  -0.0510000000000
O12     3.1353000000000  -1.7401000000000  -0.7255000000000
N13     1.5996000000000  -2.2220000000000   0.8895000000000
C14     1.9726000000000  -3.5380000000000   1.2593000000000
N15     1.2608000000000  -4.1292000000000   2.2597000000000
S16     3.2689000000000  -4.5178000000000   0.5549000000000
C17     2.8168000000000  -5.8121000000000   1.6884000000000
C18     1.7187000000000  -5.3496000000000   2.4860000000000
C19     3.3701000000000  -7.0947000000000   1.8551000000000
C20     2.8386000000000  -7.9569000000000   2.8310000000000
C21     1.7606000000000  -7.5308000000000   3.6300000000000
C22     1.2100000000000  -6.2445000000000   3.4577000000000
H23     0.4860000000000  -3.7519000000000   2.7905000000000
H24    -2.2747000000000  -1.0135000000000  -1.0339000000000
H25    -4.7107000000000  -1.2295000000000  -0.6996000000000
H26    -5.9867000000000   0.5755000000000   0.4423000000000
H27    -4.8051000000000   2.6116000000000   1.2476000000000
H28    -2.3629000000000   2.8431000000000   0.9281000000000
H29     1.9746000000000   0.6135000000000   0.4728000000000
H30     1.8119000000000   0.3103000000000  -1.2275000000000
H31     0.8019000000000  -1.8318000000000   1.3711000000000
H32     4.1966000000000  -7.4145000000000   1.2377000000000
H33     3.2560000000000  -8.9439000000000   2.9672000000000
H34     1.3529000000000  -8.1936000000000   4.3793000000000
H35     0.3829000000000  -5.9398000000000   4.0823000000000
&
