MAEFILE: SM10_micro031.mae
&gen
&
entry_name: SM10_micro031
&zmat
C1     -3.1997000000000   1.8074000000000   0.4560000000000
C2     -4.5925000000000   1.6047000000000   0.5085000000000
C3     -5.1486000000000   0.4042000000000   0.0282000000000
C4     -4.3114000000000  -0.5911000000000  -0.5096000000000
C5     -2.9183000000000  -0.3893000000000  -0.5630000000000
C6     -2.3485000000000   0.8088000000000  -0.0695000000000
C7     -0.8650000000000   1.0453000000000  -0.1303000000000
O8     -0.4153000000000   2.1874000000000  -0.2369000000000
N9     -0.1049000000000  -0.0561000000000  -0.0014000000000
C10     1.2930000000000  -0.0657000000000   0.0200000000000
C11     2.0780000000000  -1.2059000000000   0.0625000000000
O12     3.3197000000000  -1.3476000000000   0.0947000000000
N13     1.3248000000000  -2.3922000000000   0.0705000000000
C14     1.8051000000000  -3.7623000000000   0.0533000000000
N15     0.8369000000000  -4.7207000000000   0.0361000000000
S16     3.4732000000000  -4.3680000000000   0.0493000000000
C17     2.8103000000000  -6.0176000000000   0.0241000000000
C18     1.3800000000000  -5.9267000000000   0.0197000000000
C19     3.4784000000000  -7.2555000000000   0.0097000000000
C20     2.7300000000000  -8.4461000000000  -0.0108000000000
C21     1.3234000000000  -8.3892000000000  -0.0172000000000
C22     0.6601000000000  -7.1454000000000  -0.0019000000000
H23    -0.1675000000000  -4.5989000000000   0.0339000000000
H24    -2.7891000000000   2.7349000000000   0.8289000000000
H25    -5.2340000000000   2.3712000000000   0.9178000000000
H26    -6.2165000000000   0.2485000000000   0.0699000000000
H27    -4.7381000000000  -1.5101000000000  -0.8837000000000
H28    -2.2959000000000  -1.1635000000000  -0.9881000000000
H29    -0.5675000000000  -0.9478000000000   0.0948000000000
H30     1.7412000000000   0.9182000000000   0.0084000000000
H31     0.3180000000000  -2.3305000000000   0.0727000000000
H32     4.5579000000000  -7.2902000000000   0.0144000000000
H33     3.2328000000000  -9.4020000000000  -0.0220000000000
H34     0.7490000000000  -9.3040000000000  -0.0337000000000
H35    -0.4200000000000  -7.1268000000000  -0.0070000000000
&
