MAEFILE: SM10_micro005.mae
&gen
&
entry_name: SM10_micro005
&zmat
C1     -1.2482000000000   4.0824000000000  -0.5144000000000
C2     -1.5068000000000   5.4323000000000  -0.2055000000000
C3     -2.6199000000000   5.7744000000000   0.5849000000000
C4     -3.4774000000000   4.7657000000000   1.0622000000000
C5     -3.2201000000000   3.4158000000000   0.7531000000000
C6     -2.0976000000000   3.0583000000000  -0.0281000000000
C7     -1.8550000000000   1.6112000000000  -0.3671000000000
O8     -2.8367000000000   0.8951000000000  -0.5931000000000
N9     -0.5325000000000   1.2826000000000  -0.3240000000000
C10    -0.0160000000000  -0.0578000000000  -0.5993000000000
C11     1.4613000000000  -0.1934000000000  -0.3952000000000
O12     1.9821000000000  -1.3570000000000  -0.9158000000000
N13     2.1928000000000   0.6833000000000   0.2150000000000
C14     3.6042000000000   0.7474000000000   0.5250000000000
N15     4.4513000000000  -0.2304000000000   0.1749000000000
S16     4.2888000000000   2.1255000000000   1.3875000000000
C17     5.8633000000000   1.3400000000000   1.2844000000000
C18     5.7375000000000   0.0930000000000   0.5997000000000
C19     7.1056000000000   1.7903000000000   1.7688000000000
C20     8.2545000000000   1.0008000000000   1.5791000000000
C21     8.1557000000000  -0.2321000000000   0.9069000000000
C22     6.9097000000000  -0.6788000000000   0.4231000000000
H23     1.6638000000000   1.4901000000000   0.5336000000000
H24    -0.3947000000000   3.8426000000000  -1.1317000000000
H25    -0.8519000000000   6.2057000000000  -0.5791000000000
H26    -2.8184000000000   6.8095000000000   0.8210000000000
H27    -4.3347000000000   5.0268000000000   1.6647000000000
H28    -3.8892000000000   2.6536000000000   1.1258000000000
H29    -0.2379000000000  -0.3584000000000  -1.6244000000000
H30    -0.4975000000000  -0.8052000000000   0.0322000000000
H31     1.2460000000000  -1.8061000000000  -1.3031000000000
H32     7.1766000000000   2.7372000000000   2.2832000000000
H33     9.2114000000000   1.3399000000000   1.9485000000000
H34     9.0378000000000  -0.8384000000000   0.7617000000000
H35     6.8491000000000  -1.6269000000000  -0.0909000000000
&
