MAEFILE: SM10_micro009.mae
&gen
&
entry_name: SM10_micro009
&zmat
C1     -3.1584000000000   1.2700000000000   0.5132000000000
C2     -4.4749000000000   0.7728000000000   0.5749000000000
C3     -4.7716000000000  -0.5032000000000   0.0602000000000
C4     -3.7515000000000  -1.2800000000000  -0.5204000000000
C5     -2.4348000000000  -0.7837000000000  -0.5830000000000
C6     -2.1242000000000   0.4932000000000  -0.0570000000000
C7     -0.7280000000000   1.0453000000000  -0.1342000000000
O8     -0.5359000000000   2.2608000000000  -0.2014000000000
N9      0.2546000000000   0.1292000000000  -0.0691000000000
C10     1.6230000000000   0.4157000000000  -0.1040000000000
C11     2.6416000000000  -0.6226000000000  -0.0710000000000
O12     3.8367000000000  -0.3227000000000  -0.0958000000000
H13     3.9216000000000   0.6825000000000  -0.1747000000000
N14     2.0856000000000  -1.9004000000000  -0.0151000000000
C15     2.8230000000000  -2.9696000000000   0.0061000000000
N16     4.2156000000000  -3.0962000000000  -0.0179000000000
S17     2.2035000000000  -4.6849000000000   0.0741000000000
C18     3.8073000000000  -5.3663000000000   0.0595000000000
C19     4.7786000000000  -4.3720000000000   0.0086000000000
C20     4.1383000000000  -6.7310000000000   0.0914000000000
C21     5.5084000000000  -7.0754000000000   0.0706000000000
C22     6.5035000000000  -6.0684000000000   0.0195000000000
C23     6.1452000000000  -4.7013000000000  -0.0122000000000
H24     1.8897000000000   1.4625000000000  -0.1579000000000
H25     4.8511000000000  -2.3135000000000  -0.0551000000000
H26    -2.9479000000000   2.2519000000000   0.9119000000000
H27    -5.2570000000000   1.3721000000000   1.0167000000000
H28    -5.7810000000000  -0.8841000000000   0.1075000000000
H29    -3.9791000000000  -2.2567000000000  -0.9212000000000
H30    -1.6700000000000  -1.3938000000000  -1.0415000000000
H31    -0.0020000000000  -0.8451000000000   0.0029000000000
H32     3.3719000000000  -7.4911000000000   0.1295000000000
H33     5.7993000000000  -8.1153000000000   0.0937000000000
H34     7.5468000000000  -6.3480000000000   0.0045000000000
H35     6.9026000000000  -3.9324000000000  -0.0517000000000
&
