MAEFILE: SM10_micro027.mae
&gen
molchg=-2
&
entry_name: SM10_micro027
&zmat
C1     -3.1274000000000   0.9337000000000   0.5368000000000
C2     -4.4107000000000   0.5196000000000   0.1295000000000
C3     -4.5885000000000  -0.7441000000000  -0.4640000000000
C4     -3.4823000000000  -1.5950000000000  -0.6463000000000
C5     -2.1989000000000  -1.1824000000000  -0.2383000000000
C6     -2.0077000000000   0.0914000000000   0.3492000000000
C7     -0.6476000000000   0.5373000000000   0.8118000000000
O8     -0.5333000000000   1.3437000000000   1.7373000000000
N9      0.3867000000000   0.0338000000000   0.1182000000000
C10     1.7325000000000   0.2978000000000   0.3752000000000
C11     2.7753000000000  -0.3736000000000  -0.2399000000000
O12     4.0014000000000  -0.1839000000000  -0.0771000000000
N13     2.5150000000000  -1.3509000000000  -1.1407000000000
C14     2.5166000000000  -2.6336000000000  -0.7385000000000
N15     3.4459000000000  -3.4992000000000  -1.1697000000000
S16     1.3052000000000  -3.3279000000000   0.3581000000000
C17     2.1218000000000  -4.8802000000000   0.2462000000000
C18     3.2439000000000  -4.7617000000000  -0.6219000000000
C19     1.7970000000000  -6.0985000000000   0.8709000000000
C20     2.5941000000000  -7.2341000000000   0.6377000000000
C21     3.7085000000000  -7.1435000000000  -0.2178000000000
C22     4.0273000000000  -5.9199000000000  -0.8399000000000
H23    -3.0089000000000   1.9063000000000   0.9926000000000
H24    -5.2589000000000   1.1722000000000   0.2742000000000
H25    -5.5725000000000  -1.0613000000000  -0.7765000000000
H26    -3.6166000000000  -2.5670000000000  -1.0973000000000
H27    -1.3663000000000  -1.8561000000000  -0.3809000000000
H28     0.2016000000000  -0.6164000000000  -0.6322000000000
H29     1.9068000000000   1.0854000000000   1.0947000000000
H30     0.9401000000000  -6.1584000000000   1.5254000000000
H31     2.3515000000000  -8.1728000000000   1.1134000000000
H32     4.3217000000000  -8.0141000000000  -0.3982000000000
H33     4.8845000000000  -5.8621000000000  -1.4940000000000
&
