MAEFILE: SM10_micro015.mae
&gen
&
entry_name: SM10_micro015
&zmat
C1     -3.1983000000000   3.5061000000000  -0.4794000000000
C2     -3.3905000000000   4.8991000000000  -0.5609000000000
C3     -2.3945000000000   5.7771000000000  -0.0942000000000
C4     -1.2077000000000   5.2609000000000   0.4590000000000
C5     -1.0144000000000   3.8681000000000   0.5418000000000
C6     -2.0050000000000   2.9771000000000   0.0633000000000
C7     -1.8227000000000   1.4881000000000   0.1631000000000
O8     -2.7973000000000   0.7414000000000   0.2690000000000
N9     -0.5509000000000   1.0591000000000   0.0750000000000
C10    -0.1528000000000  -0.2812000000000   0.1254000000000
C11     1.2425000000000  -0.6905000000000   0.0905000000000
O12     1.5945000000000  -1.8693000000000   0.0949000000000
N13     2.0950000000000   0.3542000000000   0.0562000000000
C14     3.5148000000000   0.3420000000000   0.0275000000000
N15     4.2380000000000  -0.7878000000000   0.0078000000000
S16     4.4185000000000   1.8585000000000   0.0181000000000
C17     5.9069000000000   0.9160000000000  -0.0098000000000
C18     5.5954000000000  -0.4771000000000  -0.0128000000000
C19     7.2381000000000   1.3721000000000  -0.0276000000000
C20     8.2927000000000   0.4412000000000  -0.0486000000000
C21     8.0109000000000  -0.9379000000000  -0.0529000000000
C22     6.6761000000000  -1.3896000000000  -0.0354000000000
H23    -0.9475000000000  -1.0127000000000   0.1764000000000
H24     0.7765000000000  -2.4600000000000   0.0196000000000
H25    -3.9744000000000   2.8467000000000  -0.8406000000000
H26    -4.3044000000000   5.2935000000000  -0.9803000000000
H27    -2.5423000000000   6.8451000000000  -0.1563000000000
H28    -0.4457000000000   5.9338000000000   0.8239000000000
H29    -0.0998000000000   3.4952000000000   0.9798000000000
H30     0.1776000000000   1.7508000000000  -0.0243000000000
H31     1.6705000000000   1.2696000000000   0.0597000000000
H32     7.4487000000000   2.4314000000000  -0.0245000000000
H33     9.3170000000000   0.7839000000000  -0.0612000000000
H34     8.8210000000000  -1.6523000000000  -0.0691000000000
H35     6.4752000000000  -2.4508000000000  -0.0389000000000
&
