MAEFILE: SM10_micro033.mae
&gen
molchg=1
&
entry_name: SM10_micro033
&zmat
C1     -3.0866000000000   1.5061000000000   0.8073000000000
C2     -4.4741000000000   1.2641000000000   0.7960000000000
C3     -5.0035000000000   0.2341000000000  -0.0039000000000
C4     -4.1446000000000  -0.5513000000000  -0.7956000000000
C5     -2.7567000000000  -0.3106000000000  -0.7846000000000
C6     -2.2144000000000   0.7153000000000   0.0254000000000
C7     -0.7390000000000   0.9994000000000   0.0319000000000
O8     -0.3163000000000   2.1373000000000   0.2392000000000
N9      0.0577000000000  -0.0686000000000  -0.1406000000000
C10     1.5167000000000  -0.0469000000000  -0.1260000000000
C11     2.0572000000000  -0.3506000000000   1.2737000000000
O12     2.2813000000000  -1.5255000000000   1.5740000000000
N13     2.2156000000000   0.8000000000000   2.0333000000000
C14     2.6507000000000   0.7237000000000   3.2518000000000
N15     2.8144000000000   1.8550000000000   4.0438000000000
S16     3.1697000000000  -0.6728000000000   4.3296000000000
C17     3.5362000000000   0.3802000000000   5.6685000000000
C18     3.2883000000000   1.7113000000000   5.3482000000000
C19     4.0207000000000  -0.0057000000000   6.9292000000000
C20     4.2541000000000   1.0105000000000   7.8827000000000
C21     4.0037000000000   2.3680000000000   7.5645000000000
C22     3.5159000000000   2.7315000000000   6.2884000000000
H23     2.6038000000000   2.7892000000000   3.7233000000000
H24    -2.6966000000000   2.3020000000000   1.4256000000000
H25    -5.1324000000000   1.8704000000000   1.4004000000000
H26    -6.0676000000000   0.0493000000000  -0.0130000000000
H27    -4.5505000000000  -1.3373000000000  -1.4151000000000
H28    -2.1174000000000  -0.9191000000000  -1.4075000000000
H29    -0.3820000000000  -0.9670000000000  -0.2777000000000
H30     1.9037000000000   0.9066000000000  -0.4909000000000
H31     4.2086000000000  -1.0434000000000   7.1623000000000
H32     4.6263000000000   0.7497000000000   8.8624000000000
H33     4.1874000000000   3.1331000000000   8.3044000000000
H34     3.3238000000000   3.7659000000000   6.0440000000000
H35     2.6623280000000  -1.5747830000000   2.6047230000000
H36     1.8693240000000  -0.8297080000000  -0.7975420000000
&
