MAEFILE: SM10_micro034.mae
&gen
molchg=-1
&
entry_name: SM10_micro034
&zmat
C1     -3.1416000000000   3.6820000000000  -0.4706000000000
C2     -3.3168000000000   5.0373000000000  -0.1296000000000
C3     -2.4347000000000   5.6564000000000   0.7757000000000
C4     -1.3787000000000   4.9181000000000   1.3421000000000
C5     -1.2019000000000   3.5629000000000   1.0013000000000
C6     -2.0774000000000   2.9351000000000   0.0836000000000
C7     -1.9142000000000   1.4842000000000  -0.2735000000000
O8     -2.8939000000000   0.7972000000000  -0.5695000000000
N9     -0.6459000000000   1.0390000000000  -0.2950000000000
C10    -0.2567000000000  -0.2632000000000  -0.6180000000000
C11     1.1411000000000  -0.6610000000000  -0.6272000000000
O12     1.4143000000000  -1.8258000000000  -0.9169000000000
N13     2.0565000000000   0.2912000000000  -0.3109000000000
C14     3.3684000000000   0.0025000000000  -0.3256000000000
N15     4.0225000000000  -0.3718000000000   0.7840000000000
S16     4.3695000000000   0.1006000000000  -1.7861000000000
C17     5.7622000000000  -0.4072000000000  -0.8399000000000
C18     5.3668000000000  -0.6079000000000   0.5132000000000
C19     7.0908000000000  -0.6091000000000  -1.2579000000000
C20     8.0594000000000  -1.0199000000000  -0.3237000000000
C21     7.6932000000000  -1.2252000000000   1.0200000000000
C22     6.3610000000000  -1.0204000000000   1.4314000000000
H23    -1.0495000000000  -0.9574000000000  -0.8607000000000
H24     0.5789000000000  -2.3895000000000  -0.8307000000000
H25    -3.8283000000000   3.2206000000000  -1.1657000000000
H26    -4.1297000000000   5.6010000000000  -0.5629000000000
H27    -2.5697000000000   6.6954000000000   1.0376000000000
H28    -0.7040000000000   5.3900000000000   2.0411000000000
H29    -0.3897000000000   3.0122000000000   1.4540000000000
H30     0.0990000000000   1.6810000000000  -0.0622000000000
H31     7.3641000000000  -0.4483000000000  -2.2902000000000
H32     9.0815000000000  -1.1762000000000  -0.6362000000000
H33     8.4358000000000  -1.5395000000000   1.7384000000000
H34     6.0932000000000  -1.1804000000000   2.4653000000000
&
