MAEFILE: SM10_micro003.mae
&gen
molchg=1
&
entry_name: SM10_micro003
&zmat
C1     -3.1540000000000   0.9781000000000   0.9399000000000
C2     -4.4811000000000   1.4086000000000   1.1337000000000
C3     -4.9014000000000   2.6513000000000   0.6240000000000
C4     -3.9923000000000   3.4661000000000  -0.0761000000000
C5     -2.6648000000000   3.0372000000000  -0.2707000000000
C6     -2.2361000000000   1.7853000000000   0.2264000000000
C7     -0.8124000000000   1.3478000000000   0.0285000000000
O8      0.0965000000000   2.1743000000000  -0.0604000000000
N9     -0.6268000000000   0.0228000000000  -0.1076000000000
C10     0.6554000000000  -0.6424000000000  -0.3390000000000
C11     1.1294000000000  -0.5860000000000  -1.7986000000000
O12     0.6653000000000   0.2547000000000  -2.5707000000000
N13     2.0756000000000  -1.4854000000000  -2.1290000000000
C14     2.7062000000000  -1.6884000000000  -3.3860000000000
N15     2.4242000000000  -0.9569000000000  -4.4744000000000
S16     3.9248000000000  -2.9512000000000  -3.5785000000000
C17     4.0832000000000  -2.4750000000000  -5.2676000000000
C18     3.1964000000000  -1.3922000000000  -5.5483000000000
C19     4.9215000000000  -3.0151000000000  -6.2607000000000
C20     4.8910000000000  -2.4826000000000  -7.5625000000000
C21     4.0246000000000  -1.4147000000000  -7.8636000000000
C22     3.1879000000000  -0.8768000000000  -6.8656000000000
H23     0.4625000000000   2.1699000000000  -1.0043000000000
H24    -2.8521000000000   0.0244000000000   1.3485000000000
H25    -5.1771000000000   0.7858000000000   1.6764000000000
H26    -5.9192000000000   2.9808000000000   0.7732000000000
H27    -4.3132000000000   4.4220000000000  -0.4636000000000
H28    -1.9822000000000   3.6778000000000  -0.8106000000000
H29    -1.4409000000000  -0.5729000000000  -0.0524000000000
H30     0.5486000000000  -1.6857000000000  -0.0392000000000
H31     1.4236000000000  -0.2105000000000   0.3044000000000
H32     2.3748000000000  -2.1084000000000  -1.3928000000000
H33     5.5842000000000  -3.8347000000000  -6.0248000000000
H34     5.5311000000000  -2.8927000000000  -8.3298000000000
H35     4.0009000000000  -1.0064000000000  -8.8633000000000
H36     2.5281000000000  -0.0577000000000  -7.1111000000000
&
