MAEFILE: SM10_micro030.mae
&gen
molchg=-2
&
entry_name: SM10_micro030
&zmat
C1     -2.9981000000000  -0.0991000000000   0.0002000000000
C2     -4.4061000000000  -0.1379000000000   0.0002000000000
C3     -5.1467000000000   1.0575000000000   0.0000000000000
C4     -4.4758000000000   2.2932000000000  -0.0003000000000
C5     -3.0680000000000   2.3328000000000  -0.0005000000000
C6     -2.3032000000000   1.1402000000000  -0.0003000000000
C7     -0.7896000000000   1.2248000000000   0.0005000000000
O8     -0.2631000000000   2.3403000000000   0.0058000000000
N9     -0.1650000000000   0.0191000000000  -0.0056000000000
C10     1.1867000000000  -0.0921000000000  -0.0026000000000
C11     2.0535000000000  -1.1727000000000   0.0012000000000
O12     3.3075000000000  -1.1226000000000   0.0040000000000
N13     1.4006000000000  -2.4224000000000   0.0022000000000
C14     1.9131000000000  -3.6140000000000   0.0010000000000
N15     3.2594000000000  -3.9725000000000  -0.0005000000000
S16     1.0052000000000  -5.1966000000000   0.0011000000000
C17     2.4720000000000  -6.1399000000000  -0.0001000000000
C18     3.5995000000000  -5.3246000000000  -0.0007000000000
C19     2.5666000000000  -7.5413000000000  -0.0002000000000
C20     3.8586000000000  -8.1132000000000  -0.0008000000000
C21     5.0110000000000  -7.2894000000000  -0.0013000000000
C22     4.8908000000000  -5.8809000000000  -0.0013000000000
H23     4.0026000000000  -3.2890000000000  -0.0005000000000
H24    -2.4699000000000  -1.0414000000000   0.0006000000000
H25    -4.9173000000000  -1.0892000000000   0.0004000000000
H26    -6.2262000000000   1.0262000000000   0.0001000000000
H27    -5.0406000000000   3.2137000000000  -0.0003000000000
H28    -2.5822000000000   3.2978000000000  -0.0006000000000
H29     1.7257000000000   0.8816000000000  -0.0035000000000
H30     1.6813000000000  -8.1597000000000   0.0004000000000
H31     3.9681000000000  -9.1877000000000  -0.0008000000000
H32     5.9918000000000  -7.7418000000000  -0.0017000000000
H33     5.7675000000000  -5.2502000000000  -0.0015000000000
&
