MAEFILE: SM10_micro010.mae
&gen
molchg=1
&
entry_name: SM10_micro010
&zmat
C1     -2.2506000000000   0.4506000000000   0.5238000000000
C2     -3.5792000000000   0.3749000000000   0.9854000000000
C3     -4.4769000000000   1.4281000000000   0.7292000000000
C4     -4.0440000000000   2.5601000000000   0.0137000000000
C5     -2.7157000000000   2.6375000000000  -0.4485000000000
C6     -1.8095000000000   1.5801000000000  -0.2061000000000
C7     -0.3907000000000   1.6830000000000  -0.6903000000000
O8      0.1467000000000   2.7716000000000  -0.8907000000000
N9      0.2604000000000   0.4931000000000  -0.9854000000000
C10     1.3231000000000   0.1198000000000  -0.0249000000000
C11     1.9266000000000  -1.2502000000000  -0.3394000000000
O12     1.3850000000000  -1.9863000000000  -1.1655000000000
N13     3.0421000000000  -1.5603000000000   0.3485000000000
C14     3.8210000000000  -2.7471000000000   0.2851000000000
N15     3.5168000000000  -3.7817000000000  -0.5124000000000
S16     5.2653000000000  -2.9202000000000   1.2858000000000
C17     5.4991000000000  -4.5211000000000   0.5877000000000
C18     4.4588000000000  -4.7944000000000  -0.3509000000000
C19     6.5175000000000  -5.4566000000000   0.8494000000000
C20     6.5181000000000  -6.6918000000000   0.1759000000000
C21     5.5028000000000  -6.9841000000000  -0.7544000000000
C22     4.4854000000000  -6.0440000000000  -1.0131000000000
H23    -0.4223000000000  -0.2510000000000  -1.0032000000000
H24     0.6732000000000   0.5651000000000  -1.9041000000000
H25    -1.5805000000000  -0.3682000000000   0.7421000000000
H26    -3.9093000000000  -0.4915000000000   1.5396000000000
H27    -5.4953000000000   1.3694000000000   1.0845000000000
H28    -4.7309000000000   3.3711000000000  -0.1797000000000
H29    -2.4015000000000   3.5158000000000  -0.9944000000000
H30     0.9186000000000   0.0911000000000   0.9886000000000
H31     2.1137000000000   0.8723000000000  -0.0407000000000
H32     3.3758000000000  -0.8622000000000   0.9974000000000
H33     7.2943000000000  -5.2272000000000   1.5639000000000
H34     7.2963000000000  -7.4147000000000   0.3722000000000
H35     5.5032000000000  -7.9324000000000  -1.2715000000000
H36     3.7124000000000  -6.2823000000000  -1.7289000000000
&
