MAEFILE: SM10_micro004.mae
&gen
molchg=-1
&
entry_name: SM10_micro004
&zmat
C1     -2.8491000000000  -0.0165000000000   0.7117000000000
C2     -4.2557000000000  -0.0922000000000   0.6995000000000
C3     -5.0123000000000   0.9262000000000   0.0905000000000
C4     -4.3611000000000   2.0236000000000  -0.5032000000000
C5     -2.9546000000000   2.0997000000000  -0.4919000000000
C6     -2.1824000000000   1.0768000000000   0.1053000000000
C7     -0.6811000000000   1.1951000000000   0.1304000000000
O8     -0.1722000000000   2.3134000000000   0.2171000000000
N9     -0.0426000000000   0.0077000000000  -0.0021000000000
C10     1.4135000000000  -0.0325000000000  -0.0183000000000
C11     2.0107000000000  -1.4432000000000   0.0255000000000
O12     2.9826000000000  -1.7073000000000  -0.6832000000000
N13     1.4271000000000  -2.3110000000000   0.8756000000000
C14     1.7825000000000  -3.6558000000000   1.1610000000000
N15     2.8569000000000  -4.2597000000000   0.6304000000000
S16     0.8104000000000  -4.6166000000000   2.2788000000000
C17     1.9310000000000  -5.9539000000000   2.0300000000000
C18     2.9534000000000  -5.5613000000000   1.1144000000000
C19     1.9084000000000  -7.2410000000000   2.5993000000000
C20     2.9127000000000  -8.1683000000000   2.2655000000000
C21     3.9313000000000  -7.8044000000000   1.3644000000000
C22     3.9487000000000  -6.5150000000000   0.7962000000000
H23    -2.2892000000000  -0.8047000000000   1.1941000000000
H24    -4.7537000000000  -0.9316000000000   1.1615000000000
H25    -6.0905000000000   0.8677000000000   0.0826000000000
H26    -4.9396000000000   2.8091000000000  -0.9664000000000
H27    -2.4712000000000   2.9503000000000  -0.9503000000000
H28     1.8423000000000   0.5068000000000   0.8280000000000
H29     1.8091000000000   0.4660000000000  -0.9050000000000
H30     0.6210000000000  -1.9555000000000   1.3695000000000
H31     1.1247000000000  -7.5136000000000   3.2904000000000
H32     2.9025000000000  -9.1574000000000   2.6996000000000
H33     4.7025000000000  -8.5159000000000   1.1087000000000
H34     4.7359000000000  -6.2481000000000   0.1065000000000
&
