MAEFILE: SM10_micro018.mae
&gen
molchg=-2
&
entry_name: SM10_micro018
&zmat
C1     -3.1905000000000  -0.0077000000000  -0.1270000000000
C2     -4.5836000000000   0.1555000000000   0.0024000000000
C3     -5.1408000000000   1.4467000000000   0.0593000000000
C4     -4.3035000000000   2.5753000000000  -0.0175000000000
C5     -2.9103000000000   2.4128000000000  -0.1472000000000
C6     -2.3371000000000   1.1210000000000  -0.1915000000000
C7     -0.8467000000000   0.9710000000000  -0.3546000000000
O8     -0.2592000000000   1.7891000000000  -1.0716000000000
N9     -0.3436000000000  -0.0572000000000   0.3848000000000
C10     1.0727000000000  -0.4298000000000   0.4331000000000
C11     1.3095000000000  -1.9457000000000   0.3161000000000
O12     0.8125000000000  -2.6976000000000   1.1580000000000
N13     2.0781000000000  -2.2724000000000  -0.7543000000000
C14     2.3659000000000  -3.5609000000000  -0.9977000000000
N15     3.5308000000000  -4.1073000000000  -0.6180000000000
S16     1.2693000000000  -4.6593000000000  -1.8561000000000
C17     2.4521000000000  -5.9478000000000  -1.6739000000000
C18     3.5927000000000  -5.4481000000000  -0.9833000000000
C19     2.3784000000000  -7.2852000000000  -2.1058000000000
C20     3.4523000000000  -8.1582000000000  -1.8528000000000
C21     4.5909000000000  -7.6887000000000  -1.1709000000000
C22     4.6581000000000  -6.3478000000000  -0.7426000000000
H23    -2.7842000000000  -1.0077000000000  -0.1780000000000
H24    -5.2243000000000  -0.7121000000000   0.0556000000000
H25    -6.2090000000000   1.5710000000000   0.1584000000000
H26    -4.7291000000000   3.5671000000000   0.0219000000000
H27    -2.2814000000000   3.2893000000000  -0.2061000000000
H28     1.5112000000000  -0.1197000000000   1.3827000000000
H29     1.6633000000000   0.1003000000000  -0.3181000000000
H30     1.5013000000000  -7.6372000000000  -2.6281000000000
H31     3.4032000000000  -9.1860000000000  -2.1809000000000
H32     5.4156000000000  -8.3580000000000  -0.9755000000000
H33     5.5363000000000  -5.9984000000000  -0.2205000000000
&
