MAEFILE: SM10_micro024.mae
&gen
molchg=1
&
entry_name: SM10_micro024
&zmat
C1     -2.4364000000000   0.2980000000000  -0.5876000000000
C2     -3.8381000000000   0.1757000000000  -0.6492000000000
C3     -4.6578000000000   1.2650000000000  -0.2994000000000
C4     -4.0746000000000   2.4788000000000   0.1093000000000
C5     -2.6730000000000   2.6031000000000   0.1719000000000
C6     -1.8413000000000   1.5114000000000  -0.1671000000000
C7     -0.3474000000000   1.6634000000000  -0.1214000000000
O8      0.1839000000000   2.7559000000000  -0.3232000000000
N9      0.3368000000000   0.5544000000000   0.1989000000000
C10     1.7887000000000   0.4726000000000   0.2968000000000
C11     2.2375000000000  -0.9814000000000   0.4504000000000
O12     2.7959000000000  -1.3189000000000   1.4974000000000
N13     1.9389000000000  -1.7434000000000  -0.6744000000000
C14     2.2512000000000  -3.0026000000000  -0.7355000000000
N15     2.9000000000000  -3.8050000000000   0.2076000000000
S16     1.9118000000000  -4.1190000000000  -2.1385000000000
C17     2.6471000000000  -5.4884000000000  -1.3496000000000
C18     3.1310000000000  -5.1476000000000  -0.0907000000000
C19     2.7670000000000  -6.7887000000000  -1.8671000000000
C20     3.4032000000000  -7.7599000000000  -1.0621000000000
C21     3.8992000000000  -7.4201000000000   0.2205000000000
C22     3.7667000000000  -6.1043000000000   0.7198000000000
H23    -0.5092000000000   3.4086000000000  -0.6666000000000
H24     3.2191000000000  -3.4640000000000   1.1031000000000
H25    -1.8280000000000  -0.5487000000000  -0.8717000000000
H26    -4.2851000000000  -0.7543000000000  -0.9690000000000
H27    -5.7327000000000   1.1705000000000  -0.3486000000000
H28    -4.7035000000000   3.3162000000000   0.3742000000000
H29    -2.2454000000000   3.5437000000000   0.4879000000000
H30    -0.1808000000000  -0.2968000000000   0.3675000000000
H31     2.1288000000000   1.0581000000000   1.1526000000000
H32     2.2540000000000   0.8992000000000  -0.5936000000000
H33     2.3868000000000  -7.0379000000000  -2.8469000000000
H34     3.5132000000000  -8.7699000000000  -1.4286000000000
H35     4.3842000000000  -8.1739000000000   0.8230000000000
H36     4.1452000000000  -5.8429000000000   1.6971000000000
&
