MAEFILE: SM10_micro008.mae
&gen
&
entry_name: SM10_micro008
&zmat
C1     -2.9227000000000   0.3175000000000   0.1860000000000
C2     -4.2961000000000   0.3173000000000   0.4986000000000
C3     -5.0170000000000   1.5261000000000   0.5117000000000
C4     -4.3647000000000   2.7355000000000   0.2076000000000
C5     -2.9912000000000   2.7373000000000  -0.1049000000000
C6     -2.2558000000000   1.5302000000000  -0.1087000000000
C7     -0.7968000000000   1.5424000000000  -0.4660000000000
O8     -0.3442000000000   2.3789000000000  -1.2487000000000
N9     -0.0391000000000   0.6219000000000   0.1558000000000
C10     1.4020000000000   0.4554000000000  -0.0187000000000
C11     1.7282000000000  -0.3125000000000  -1.3051000000000
O12     1.8439000000000  -1.5373000000000  -1.2612000000000
N13     1.8290000000000   0.5177000000000  -2.3717000000000
C14     2.0689000000000   0.0072000000000  -3.5894000000000
N15     3.2983000000000   0.0090000000000  -4.1244000000000
S16     0.8037000000000  -0.6847000000000  -4.6218000000000
C17     2.0178000000000  -1.0149000000000  -5.8503000000000
C18     3.2894000000000  -0.5677000000000  -5.3911000000000
C19     1.8592000000000  -1.6157000000000  -7.1131000000000
C20     2.9780000000000  -1.7831000000000  -7.9494000000000
C21     4.2458000000000  -1.3488000000000  -7.5183000000000
C22     4.3971000000000  -0.7476000000000  -6.2527000000000
H23     0.3936000000000   1.9548000000000  -1.8000000000000
H24    -2.3921000000000  -0.6238000000000   0.1706000000000
H25    -4.7973000000000  -0.6124000000000   0.7249000000000
H26    -6.0704000000000   1.5252000000000   0.7502000000000
H27    -4.9185000000000   3.6629000000000   0.2122000000000
H28    -2.5075000000000   3.6754000000000  -0.3365000000000
H29    -0.4956000000000  -0.0191000000000   0.7886000000000
H30     1.7859000000000  -0.1057000000000   0.8337000000000
H31     1.9083000000000   1.4229000000000   0.0022000000000
H32     0.8835000000000  -1.9458000000000  -7.4378000000000
H33     2.8645000000000  -2.2431000000000  -8.9200000000000
H34     5.1053000000000  -1.4759000000000  -8.1599000000000
H35     5.3750000000000  -0.4180000000000  -5.9344000000000
&
