MAEFILE: SM10_micro022.mae
&gen
molchg=-3
&
entry_name: SM10_micro022
&zmat
C1     -2.9828000000000  -0.1292000000000   0.0004000000000
C2     -4.3903000000000  -0.1838000000000   0.0003000000000
C3     -5.1443000000000   1.0031000000000   0.0002000000000
C4     -4.4872000000000   2.2462000000000   0.0001000000000
C5     -3.0797000000000   2.3018000000000   0.0001000000000
C6     -2.3017000000000   1.1176000000000   0.0001000000000
C7     -0.7889000000000   1.2182000000000   0.0002000000000
O8     -0.2755000000000   2.3400000000000   0.0019000000000
N9     -0.1524000000000   0.0191000000000  -0.0023000000000
C10     1.2017000000000  -0.0796000000000  -0.0030000000000
C11     2.0834000000000  -1.1501000000000   0.0024000000000
O12     3.3328000000000  -1.0482000000000   0.0007000000000
N13     1.5307000000000  -2.4020000000000   0.0122000000000
C14     2.1306000000000  -3.6175000000000   0.0029000000000
N15     3.4549000000000  -3.8629000000000   0.0016000000000
S16     1.1303000000000  -5.0840000000000  -0.0020000000000
C17     2.5824000000000  -6.0727000000000  -0.0014000000000
C18     3.7241000000000  -5.2257000000000  -0.0004000000000
C19     2.7023000000000  -7.4750000000000  -0.0015000000000
C20     3.9802000000000  -8.0639000000000  -0.0009000000000
C21     5.1268000000000  -7.2469000000000  -0.0006000000000
C22     4.9973000000000  -5.8435000000000  -0.0005000000000
H23    -2.4435000000000  -1.0653000000000   0.0005000000000
H24    -4.8900000000000  -1.1411000000000   0.0004000000000
H25    -6.2234000000000   0.9599000000000   0.0003000000000
H26    -5.0622000000000   3.1601000000000   0.0001000000000
H27    -2.6042000000000   3.2718000000000   0.0000000000000
H28     1.7285000000000   0.9009000000000  -0.0089000000000
H29     1.8166000000000  -8.0924000000000  -0.0016000000000
H30     4.0811000000000  -9.1392000000000  -0.0007000000000
H31     6.1087000000000  -7.6963000000000  -0.0003000000000
H32     5.8820000000000  -5.2244000000000   0.0002000000000
&
