MAEFILE: SM12_micro002.mae
&gen
&
entry_name: SM12_micro002
&zmat
C1     -0.4872000000000   5.4619000000000  -0.0007000000000
C2      0.8106000000000   5.9889000000000  -0.0002000000000
C3      1.9008000000000   5.1111000000000   0.0017000000000
C4      1.6915000000000   3.7200000000000   0.0031000000000
C5      0.4008000000000   3.1421000000000   0.0006000000000
C6     -0.7058000000000   4.0679000000000  -0.0005000000000
C7      0.0544000000000   1.6382000000000   0.0000000000000
N8     -1.3197000000000   1.4561000000000   0.0003000000000
C9     -2.3100000000000   2.4160000000000  -0.0002000000000
N10    -2.0597000000000   3.6804000000000  -0.0009000000000
N11     0.7130000000000   0.5109000000000  -0.0009000000000
C12     2.0160000000000  -0.0357000000000  -0.0010000000000
C13     1.9786000000000  -1.4515000000000   0.0011000000000
C14     3.1447000000000  -2.2385000000000   0.0014000000000
C15     4.4027000000000  -1.6193000000000   0.0004000000000
C16     4.4768000000000  -0.2173000000000  -0.0021000000000
Cl17    6.0202000000000   0.5551000000000  -0.0035000000000
C18     3.3021000000000   0.5634000000000  -0.0038000000000
H19    -1.6338000000000   0.4966000000000   0.0005000000000
H20    -1.3281000000000   6.1406000000000  -0.0013000000000
H21     0.9675000000000   7.0575000000000  -0.0006000000000
H22     2.9069000000000   5.5044000000000   0.0027000000000
H23     2.5803000000000   3.1602000000000   0.0073000000000
H24    -3.3285000000000   2.0254000000000  -0.0001000000000
H25     1.0251000000000  -1.9607000000000   0.0021000000000
H26     3.0715000000000  -3.3160000000000   0.0025000000000
H27     5.3031000000000  -2.2159000000000   0.0010000000000
H28     3.5019000000000   1.6000000000000  -0.0086000000000
&
