MAEFILE: SM12_micro011.mae
&gen
&
entry_name: SM12_micro011
&zmat
C1      0.5366000000000   5.0861000000000   0.4403000000000
C2      1.8463000000000   5.1030000000000   0.9491000000000
C3      2.5260000000000   3.8908000000000   1.1603000000000
C4      1.9104000000000   2.6649000000000   0.8405000000000
C5      0.6076000000000   2.6206000000000   0.2785000000000
C6     -0.0758000000000   3.8575000000000   0.1251000000000
C7     -0.1540000000000   1.3593000000000  -0.1161000000000
N8     -1.5811000000000   1.4693000000000  -0.3487000000000
C9     -2.1142000000000   2.6473000000000  -0.4480000000000
N10    -1.4034000000000   3.8255000000000  -0.3008000000000
N11     0.3456000000000   0.1934000000000  -0.2915000000000
C12     1.7071000000000  -0.1005000000000  -0.3685000000000
C13     2.2818000000000  -0.9806000000000   0.5725000000000
C14     3.6501000000000  -1.3065000000000   0.4979000000000
C15     4.4490000000000  -0.7657000000000  -0.5277000000000
C16     3.8771000000000   0.0943000000000  -1.4850000000000
Cl17    4.8512000000000   0.7491000000000  -2.7494000000000
C18     2.5089000000000   0.4195000000000  -1.4112000000000
H19    -1.8522000000000   4.7252000000000  -0.3946000000000
H20    -0.0004000000000   6.0143000000000   0.3092000000000
H21     2.3197000000000   6.0412000000000   1.1987000000000
H22     3.5221000000000   3.8989000000000   1.5778000000000
H23     2.4682000000000   1.7704000000000   1.0592000000000
H24    -3.1781000000000   2.7816000000000  -0.6483000000000
H25     1.6748000000000  -1.4030000000000   1.3602000000000
H26     4.0865000000000  -1.9733000000000   1.2268000000000
H27     5.4983000000000  -1.0165000000000  -0.5824000000000
H28     2.0750000000000   1.0759000000000  -2.1518000000000
&
