MAEFILE: SM13_micro012.mae
&gen
molchg=1
&
entry_name: SM13_micro012
&zmat
C1     -0.8548000000000   5.3223000000000  -0.4760000000000
C2     -1.2329000000000   3.8692000000000  -0.2758000000000
C3     -2.5159000000000   3.5269000000000   0.1966000000000
C4     -2.8661000000000   2.1741000000000   0.3628000000000
C5     -1.9332000000000   1.1623000000000   0.0648000000000
C6     -0.6393000000000   1.4917000000000  -0.3909000000000
C7     -0.3014000000000   2.8535000000000  -0.5740000000000
N8      0.2433000000000   0.4412000000000  -0.6896000000000
C9      1.6479000000000   0.4034000000000  -0.6199000000000
N10     2.3049000000000   1.4007000000000   0.0276000000000
C11     3.6402000000000   1.3793000000000   0.1241000000000
N12     4.3876000000000   0.3990000000000  -0.3901000000000
C13     3.7993000000000  -0.6273000000000  -1.0376000000000
C14     2.3912000000000  -0.6686000000000  -1.1782000000000
C15     4.5707000000000  -1.6723000000000  -1.5821000000000
C16     3.9666000000000  -2.7577000000000  -2.2631000000000
O17     4.6767000000000  -3.8053000000000  -2.8129000000000
C18     6.0919000000000  -3.7995000000000  -2.6934000000000
C19     2.5617000000000  -2.7951000000000  -2.4015000000000
C20     1.7799000000000  -1.7470000000000  -1.8565000000000
O21     2.0292000000000  -3.8754000000000  -3.0749000000000
C22     0.6201000000000  -3.9464000000000  -3.2374000000000
H23     1.7712000000000   2.1663000000000   0.4404000000000
H24    -1.5456000000000   5.9861000000000   0.0449000000000
H25     0.1489000000000   5.5132000000000  -0.0950000000000
H26    -0.8736000000000   5.5727000000000  -1.5370000000000
H27    -3.2372000000000   4.2981000000000   0.4253000000000
H28    -3.8523000000000   1.9122000000000   0.7176000000000
H29    -2.2157000000000   0.1276000000000   0.1951000000000
H30     0.6663000000000   3.1347000000000  -0.9618000000000
H31    -0.1980000000000  -0.4341000000000  -0.9318000000000
H32     4.1043000000000   2.2014000000000   0.6490000000000
H33     5.6421000000000  -1.6183000000000  -1.4622000000000
H34     6.4964000000000  -4.6876000000000  -3.1787000000000
H35     6.5302000000000  -2.9287000000000  -3.1828000000000
H36     6.4045000000000  -3.8242000000000  -1.6485000000000
H37     0.7061000000000  -1.7623000000000  -1.9567000000000
H38     0.3671000000000  -4.8527000000000  -3.7876000000000
H39     0.1094000000000  -3.9928000000000  -2.2747000000000
H40     0.2409000000000  -3.0984000000000  -3.8092000000000
&
