MAEFILE: SM13_micro004.mae
&gen
molchg=-1
&
entry_name: SM13_micro004
&zmat
C1      0.0822000000000   5.4193000000000   0.0000000000000
C2     -0.4635000000000   4.0062000000000   0.0000000000000
C3     -1.8517000000000   3.7820000000000   0.0000000000000
C4     -2.3380000000000   2.4654000000000   0.0000000000000
C5     -1.4380000000000   1.3834000000000   0.0000000000000
C6     -0.0350000000000   1.5678000000000   0.0000000000000
C7      0.4279000000000   2.9130000000000   0.0000000000000
N8      0.7030000000000   0.4320000000000   0.0000000000000
C9      2.0461000000000   0.2451000000000   0.0000000000000
N10     2.9254000000000   1.2762000000000   0.0000000000000
C11     4.2310000000000   1.0214000000000   0.0000000000000
N12     4.8025000000000  -0.1785000000000   0.0000000000000
C13     3.9828000000000  -1.2501000000000   0.0000000000000
C14     2.5697000000000  -1.0862000000000   0.0000000000000
C15     4.5247000000000  -2.5505000000000   0.0000000000000
C16     3.6957000000000  -3.6979000000000   0.0000000000000
O17     4.1790000000000  -4.9906000000000   0.0000000000000
C18     5.5854000000000  -5.1860000000000   0.0000000000000
C19     2.2939000000000  -3.5390000000000   0.0000000000000
C20     1.7409000000000  -2.2351000000000   0.0000000000000
O21     1.5356000000000  -4.6921000000000   0.0000000000000
C22     0.1206000000000  -4.5710000000000   0.0000000000000
H23    -0.7204000000000   6.1573000000000   0.0000000000000
H24     0.6981000000000   5.5854000000000   0.8841000000000
H25     0.6981000000000   5.5854000000000  -0.8842000000000
H26    -2.5437000000000   4.6111000000000   0.0000000000000
H27    -3.4023000000000   2.2826000000000   0.0000000000000
H28    -1.8451000000000   0.3819000000000   0.0000000000000
H29     1.4742000000000   3.1630000000000   0.0000000000000
H30     4.8926000000000   1.8748000000000   0.0000000000000
H31     5.5999000000000  -2.6421000000000   0.0000000000000
H32     5.7987000000000  -6.2547000000000   0.0000000000000
H33     6.0477000000000  -4.7579000000000  -0.8904000000000
H34     6.0478000000000  -4.7579000000000   0.8903000000000
H35     0.6697000000000  -2.1085000000000   0.0000000000000
H36    -0.3257000000000  -5.5652000000000   0.0000000000000
H37    -0.2349000000000  -4.0509000000000   0.8905000000000
H38    -0.2350000000000  -4.0509000000000  -0.8905000000000
&
