MAEFILE: SM13_micro005.mae
&gen
&
entry_name: SM13_micro005
&zmat
C1     -0.8339000000000   5.3729000000000  -0.5082000000000
C2     -1.2206000000000   3.9237000000000  -0.2967000000000
C3     -2.4949000000000   3.5939000000000   0.2067000000000
C4     -2.8525000000000   2.2446000000000   0.3847000000000
C5     -1.9359000000000   1.2243000000000   0.0663000000000
C6     -0.6508000000000   1.5405000000000  -0.4214000000000
C7     -0.3054000000000   2.8991000000000  -0.6146000000000
N8      0.2111000000000   0.4788000000000  -0.7402000000000
C9      1.6164000000000   0.4193000000000  -0.7099000000000
N10     2.2978000000000   1.4198000000000  -0.1053000000000
C11     3.6266000000000   1.3276000000000  -0.0714000000000
N12     4.3680000000000   0.3387000000000  -0.5703000000000
C13     3.7233000000000  -0.6844000000000  -1.1742000000000
C14     2.3059000000000  -0.6904000000000  -1.2696000000000
C15     4.4448000000000  -1.7641000000000  -1.7190000000000
C16     3.7879000000000  -2.8466000000000  -2.3543000000000
O17     4.4508000000000  -3.9255000000000  -2.9030000000000
C18     5.8686000000000  -3.9554000000000  -2.8307000000000
C19     2.3787000000000  -2.8481000000000  -2.4461000000000
C20     1.6435000000000  -1.7663000000000  -1.9018000000000
O21     1.7959000000000  -3.9289000000000  -3.0758000000000
C22     0.3813000000000  -3.9613000000000  -3.1960000000000
H23    -1.5185000000000   6.0451000000000   0.0100000000000
H24     0.1722000000000   5.5584000000000  -0.1311000000000
H25    -0.8534000000000   5.6159000000000  -1.5707000000000
H26    -3.2037000000000   4.3717000000000   0.4507000000000
H27    -3.8314000000000   1.9914000000000   0.7641000000000
H28    -2.2239000000000   0.1923000000000   0.2051000000000
H29     0.6561000000000   3.1708000000000  -1.0234000000000
H30    -0.2466000000000  -0.3949000000000  -0.9550000000000
H31     4.1567000000000   2.1354000000000   0.4109000000000
H32     5.5205000000000  -1.7384000000000  -1.6353000000000
H33     6.2330000000000  -4.8660000000000  -3.3059000000000
H34     6.3129000000000  -3.1092000000000  -3.3564000000000
H35     6.2154000000000  -3.9624000000000  -1.7965000000000
H36     0.5669000000000  -1.7530000000000  -1.9666000000000
H37     0.0861000000000  -4.8728000000000  -3.7155000000000
H38    -0.1025000000000  -3.9688000000000  -2.2185000000000
H39     0.0111000000000  -3.1163000000000  -3.7779000000000
&
