MAEFILE: SM13_micro003.mae
&gen
molchg=2
&
entry_name: SM13_micro003
&zmat
C1      0.1664000000000   5.4538000000000   0.0000000000000
C2     -0.4869000000000   4.0867000000000   0.0000000000000
C3     -1.8917000000000   3.9725000000000   0.0000000000000
C4     -2.4940000000000   2.7014000000000   0.0000000000000
C5     -1.6935000000000   1.5440000000000   0.0000000000000
C6     -0.2866000000000   1.6453000000000   0.0000000000000
C7      0.3182000000000   2.9281000000000   0.0000000000000
N8      0.4305000000000   0.2914000000000   0.0000000000000
C9      1.9481000000000   0.0961000000000   0.0000000000000
N10     2.7457000000000   1.1790000000000   0.0000000000000
C11     4.0736000000000   1.0103000000000   0.0000000000000
N12     4.6557000000000  -0.1980000000000   0.0000000000000
C13     3.8916000000000  -1.3193000000000   0.0000000000000
C14     2.4814000000000  -1.2115000000000   0.0000000000000
C15     4.5036000000000  -2.5861000000000   0.0000000000000
C16     3.7143000000000  -3.7639000000000   0.0000000000000
O17     4.2446000000000  -5.0375000000000   0.0000000000000
C18     5.6571000000000  -5.1829000000000   0.0000000000000
C19     2.3035000000000  -3.6604000000000   0.0000000000000
C20     1.6914000000000  -2.3809000000000   0.0000000000000
O21     1.5947000000000  -4.8440000000000   0.0000000000000
C22     0.1758000000000  -4.7869000000000   0.0000000000000
H23     0.0767000000000  -0.2166000000000   0.7978000000000
H24     0.0767000000000  -0.2166000000000  -0.7978000000000
H25     5.6727000000000  -0.2822000000000   0.0000000000000
H26    -0.5765000000000   6.2521000000000   0.0000000000000
H27     0.7931000000000   5.5733000000000   0.8841000000000
H28     0.7931000000000   5.5733000000000  -0.8842000000000
H29    -2.5119000000000   4.8573000000000   0.0000000000000
H30    -3.5708000000000   2.6149000000000   0.0000000000000
H31    -2.1691000000000   0.5739000000000   0.0000000000000
H32     1.3798000000000   3.0909000000000   0.0000000000000
H33     4.7315000000000   1.8669000000000   0.0000000000000
H34     5.5822000000000  -2.6370000000000   0.0000000000000
H35     5.9084000000000  -6.2434000000000   0.0000000000000
H36     6.1036000000000  -4.7386000000000  -0.8906000000000
H37     6.1036000000000  -4.7386000000000   0.8906000000000
H38     0.6167000000000  -2.2898000000000   0.0000000000000
H39    -0.2237000000000  -5.8010000000000   0.0000000000000
H40    -0.2036000000000  -4.2841000000000   0.8906000000000
H41    -0.2036000000000  -4.2841000000000  -0.8906000000000
&
