MAEFILE: SM13_micro009.mae
&gen
&
entry_name: SM13_micro009
&zmat
C1     -2.7680000000000  -2.5420000000000  -0.6966000000000
C2     -1.9862000000000  -1.6044000000000   0.1998000000000
C3     -2.5595000000000  -1.1398000000000   1.4008000000000
C4     -1.8341000000000  -0.2740000000000   2.2408000000000
C5     -0.5372000000000   0.1366000000000   1.8783000000000
C6      0.0373000000000  -0.3067000000000   0.6648000000000
C7     -0.6850000000000  -1.1953000000000  -0.1596000000000
N8      1.3231000000000   0.0858000000000   0.2920000000000
C9      1.6823000000000   1.2857000000000   0.0241000000000
N10     3.1126000000000   1.5048000000000  -0.0710000000000
C11     3.5641000000000   2.7204000000000  -0.0720000000000
N12     2.7512000000000   3.8398000000000  -0.0304000000000
C13     1.3625000000000   3.7688000000000  -0.1429000000000
C14     0.7599000000000   2.4860000000000  -0.1665000000000
C15     0.6025000000000   4.9444000000000  -0.2785000000000
C16    -0.7971000000000   4.8719000000000  -0.4721000000000
O17    -1.6096000000000   5.9792000000000  -0.6044000000000
C18    -1.0176000000000   7.2656000000000  -0.4985000000000
C19    -1.4158000000000   3.6059000000000  -0.5577000000000
C20    -0.6326000000000   2.4315000000000  -0.4237000000000
O21    -2.7786000000000   3.5922000000000  -0.7778000000000
C22    -3.4491000000000   2.3398000000000  -0.8128000000000
H23     3.1405000000000   4.7716000000000  -0.0237000000000
H24    -3.8016000000000  -2.2076000000000  -0.7907000000000
H25    -2.3350000000000  -2.5856000000000  -1.6964000000000
H26    -2.7687000000000  -3.5489000000000  -0.2788000000000
H27    -3.5549000000000  -1.4501000000000   1.6831000000000
H28    -2.2724000000000   0.0757000000000   3.1638000000000
H29     0.0124000000000   0.8013000000000   2.5291000000000
H30    -0.2425000000000  -1.5517000000000  -1.0787000000000
H31     4.6324000000000   2.9367000000000  -0.1157000000000
H32     1.1169000000000   5.8928000000000  -0.2435000000000
H33    -1.7918000000000   8.0265000000000  -0.5961000000000
H34    -0.5382000000000   7.4064000000000   0.4713000000000
H35    -0.2881000000000   7.4347000000000  -1.2916000000000
H36    -1.1147000000000   1.4789000000000  -0.5393000000000
H37    -4.5169000000000   2.5078000000000  -0.9515000000000
H38    -3.1030000000000   1.7250000000000  -1.6447000000000
H39    -3.3213000000000   1.7903000000000   0.1209000000000
&
