MAEFILE: SM13_micro001.mae
&gen
molchg=1
&
entry_name: SM13_micro001
&zmat
C1     -3.5219000000000  -1.9210000000000  -0.0199000000000
C2     -2.4145000000000  -0.8871000000000  -0.0037000000000
C3     -2.7253000000000   0.4881000000000   0.0120000000000
C4     -1.6930000000000   1.4446000000000   0.0286000000000
C5     -0.3478000000000   1.0301000000000   0.0278000000000
C6     -0.0281000000000  -0.3431000000000   0.0093000000000
C7     -1.0674000000000  -1.3053000000000  -0.0049000000000
N8      1.3903000000000  -0.6624000000000   0.0068000000000
C9      2.0936000000000  -1.7538000000000  -0.0233000000000
N10     1.4879000000000  -2.9788000000000  -0.0626000000000
C11     2.2278000000000  -4.0490000000000  -0.0896000000000
N12     3.6178000000000  -4.0164000000000  -0.0802000000000
C13     4.3268000000000  -2.8107000000000  -0.0407000000000
C14     3.5768000000000  -1.6121000000000  -0.0125000000000
C15     5.7319000000000  -2.7760000000000  -0.0279000000000
C16     6.4114000000000  -1.5321000000000   0.0122000000000
O17     7.7862000000000  -1.4172000000000   0.0304000000000
C18     8.5637000000000  -2.6059000000000   0.0417000000000
C19     5.6687000000000  -0.3270000000000   0.0355000000000
C20     4.2503000000000  -0.3712000000000   0.0241000000000
O21     6.3931000000000   0.8470000000000   0.0708000000000
C22     5.6887000000000   2.0802000000000   0.0834000000000
H23     1.9597000000000   0.1771000000000   0.0312000000000
H24     4.1721000000000  -4.8606000000000  -0.1025000000000
H25    -4.5062000000000  -1.4518000000000  -0.0227000000000
H26    -3.4412000000000  -2.5469000000000  -0.9088000000000
H27    -3.4531000000000  -2.5620000000000   0.8593000000000
H28    -3.7550000000000   0.8148000000000   0.0116000000000
H29    -1.9339000000000   2.4974000000000   0.0415000000000
H30     0.4360000000000   1.7734000000000   0.0409000000000
H31    -0.8728000000000  -2.3646000000000  -0.0161000000000
H32     1.7947000000000  -5.0500000000000  -0.1216000000000
H33     6.2679000000000  -3.7127000000000  -0.0487000000000
H34     9.6210000000000  -2.3437000000000   0.0779000000000
H35     8.3465000000000  -3.2165000000000   0.9191000000000
H36     8.4014000000000  -3.1972000000000  -0.8605000000000
H37     3.6746000000000   0.5410000000000   0.0446000000000
H38     6.4046000000000   2.9015000000000   0.1059000000000
H39     5.0784000000000   2.2007000000000  -0.8126000000000
H40     5.0571000000000   2.1709000000000   0.9681000000000
&
