MAEFILE: SM13_micro015.mae
&gen
molchg=3
&
entry_name: SM13_micro015
&zmat
C1     -2.9740000000000   4.2026000000000   0.3174000000000
C2     -2.3894000000000   2.8689000000000   0.7355000000000
C3     -2.8014000000000   2.2647000000000   1.9430000000000
C4     -2.2642000000000   1.0225000000000   2.3386000000000
C5     -1.3074000000000   0.3779000000000   1.5309000000000
C6     -0.8946000000000   0.9926000000000   0.3324000000000
C7     -1.4307000000000   2.2288000000000  -0.0770000000000
N8      0.1324000000000   0.3126000000000  -0.5344000000000
C9      1.5330000000000   0.4150000000000   0.0182000000000
N10     1.9314000000000  -0.6055000000000   0.8123000000000
C11     3.1665000000000  -0.6198000000000   1.3635000000000
N12     4.0289000000000   0.3960000000000   1.1218000000000
C13     3.7022000000000   1.4481000000000   0.3312000000000
C14     2.4144000000000   1.4882000000000  -0.2612000000000
C15     4.6246000000000   2.4840000000000   0.0981000000000
C16     4.2724000000000   3.5790000000000  -0.7311000000000
O17     5.1215000000000   4.6315000000000  -1.0038000000000
C18     6.4230000000000   4.6182000000000  -0.4354000000000
C19     2.9891000000000   3.6239000000000  -1.3258000000000
C20     2.0668000000000   2.5723000000000  -1.0919000000000
O21     2.7094000000000   4.7177000000000  -2.1186000000000
C22     1.4144000000000   4.8285000000000  -2.6919000000000
H23    -0.1202000000000  -0.6590000000000  -0.6488000000000
H24     0.1065000000000   0.7224000000000  -1.4578000000000
H25     1.2902000000000  -1.3764000000000   1.0007000000000
H26     4.9564000000000   0.3684000000000   1.5469000000000
H27    -2.4409000000000   5.0178000000000   0.8071000000000
H28    -2.9006000000000   4.3434000000000  -0.7615000000000
H29    -4.0269000000000   4.2661000000000   0.5944000000000
H30    -3.5353000000000   2.7521000000000   2.5689000000000
H31    -2.5893000000000   0.5651000000000   3.2619000000000
H32    -0.9006000000000  -0.5755000000000   1.8341000000000
H33    -1.1164000000000   2.6848000000000  -1.0044000000000
H34     3.4652000000000  -1.4421000000000   1.9972000000000
H35     5.5968000000000   2.4228000000000   0.5642000000000
H36     6.9613000000000   5.5121000000000  -0.7504000000000
H37     6.3831000000000   4.6255000000000   0.6547000000000
H38     6.9968000000000   3.7535000000000  -0.7719000000000
H39     1.0904000000000   2.5867000000000  -1.5484000000000
H40     1.3526000000000   5.7559000000000  -3.2614000000000
H41     1.2103000000000   4.0065000000000  -3.3793000000000
H42     0.6389000000000   4.8613000000000  -1.9250000000000
&
