MAEFILE: SM13_micro008.mae
&gen
molchg=1
&
entry_name: SM13_micro008
&zmat
C1      0.1537000000000   5.4541000000000   0.0000000000000
C2     -0.4858000000000   4.0802000000000   0.0000000000000
C3     -1.8894000000000   3.9520000000000   0.0000000000000
C4     -2.4791000000000   2.6751000000000   0.0000000000000
C5     -1.6672000000000   1.5256000000000   0.0000000000000
C6     -0.2614000000000   1.6406000000000   0.0000000000000
C7      0.3307000000000   2.9295000000000   0.0000000000000
N8      0.4675000000000   0.2935000000000   0.0000000000000
C9      1.9858000000000   0.1098000000000   0.0000000000000
N10     2.7717000000000   1.2033000000000   0.0000000000000
C11     4.0895000000000   0.9952000000000   0.0000000000000
N12     4.7086000000000  -0.1868000000000   0.0000000000000
C13     3.9425000000000  -1.3018000000000   0.0000000000000
C14     2.5257000000000  -1.2011000000000   0.0000000000000
C15     4.5286000000000  -2.5820000000000   0.0000000000000
C16     3.7364000000000  -3.7571000000000   0.0000000000000
O17     4.2631000000000  -5.0325000000000   0.0000000000000
C18     5.6755000000000  -5.1801000000000   0.0000000000000
C19     2.3280000000000  -3.6479000000000   0.0000000000000
C20     1.7273000000000  -2.3650000000000   0.0000000000000
O21     1.6113000000000  -4.8269000000000   0.0000000000000
C22     0.1929000000000  -4.7587000000000   0.0000000000000
H23     0.1193000000000  -0.2187000000000   0.7975000000000
H24     0.1193000000000  -0.2187000000000  -0.7975000000000
H25    -0.5975000000000   6.2446000000000   0.0000000000000
H26     0.7790000000000   5.5801000000000   0.8841000000000
H27     0.7790000000000   5.5801000000000  -0.8842000000000
H28    -2.5184000000000   4.8304000000000   0.0000000000000
H29    -3.5549000000000   2.5777000000000   0.0000000000000
H30    -2.1326000000000   0.5506000000000   0.0000000000000
H31     1.3908000000000   3.1022000000000   0.0000000000000
H32     4.7192000000000   1.8725000000000   0.0000000000000
H33     5.6066000000000  -2.6383000000000   0.0000000000000
H34     5.9265000000000  -6.2407000000000   0.0000000000000
H35     6.1227000000000  -4.7362000000000  -0.8904000000000
H36     6.1227000000000  -4.7362000000000   0.8904000000000
H37     0.6534000000000  -2.2662000000000   0.0000000000000
H38    -0.2148000000000  -5.7694000000000   0.0000000000000
H39    -0.1825000000000  -4.2529000000000   0.8905000000000
H40    -0.1826000000000  -4.2529000000000  -0.8905000000000
&
