MAEFILE: SM13_micro013.mae
&gen
molchg=2
&
entry_name: SM13_micro013
&zmat
C1     -3.0620000000000  -2.0665000000000  -1.1283000000000
C2     -2.2040000000000  -1.0776000000000  -0.3662000000000
C3     -2.8044000000000  -0.1537000000000   0.5144000000000
C4     -2.0120000000000   0.7760000000000   1.2161000000000
C5     -0.6139000000000   0.7805000000000   1.0489000000000
C6     -0.0104000000000  -0.1573000000000   0.1883000000000
C7     -0.8039000000000  -1.0775000000000  -0.5342000000000
N8      1.4260000000000  -0.1091000000000   0.0345000000000
C9      2.2416000000000  -1.1817000000000   0.1791000000000
N10     1.7458000000000  -2.4101000000000   0.4423000000000
C11     2.5475000000000  -3.4836000000000   0.6166000000000
N12     3.8951000000000  -3.4418000000000   0.5557000000000
C13     4.5186000000000  -2.1795000000000   0.2710000000000
C14     3.7032000000000  -1.0450000000000   0.0752000000000
C15     5.9191000000000  -2.0987000000000   0.1883000000000
C16     6.5371000000000  -0.8564000000000  -0.1005000000000
O17     7.9032000000000  -0.6892000000000  -0.1967000000000
C18     8.7399000000000  -1.8143000000000   0.0296000000000
C19     5.7351000000000   0.2910000000000  -0.3083000000000
C20     4.3216000000000   0.1910000000000  -0.2192000000000
O21     6.3989000000000   1.4672000000000  -0.5914000000000
C22     5.6342000000000   2.6401000000000  -0.8294000000000
H23     0.7449000000000  -2.5276000000000   0.5165000000000
H24     4.4317000000000  -4.2860000000000   0.7014000000000
H25    -4.0381000000000  -1.6374000000000  -1.3571000000000
H26    -2.5903000000000  -2.3496000000000  -2.0698000000000
H27    -3.2146000000000  -2.9681000000000  -0.5351000000000
H28    -3.8765000000000  -0.1500000000000   0.6489000000000
H29    -2.4783000000000   1.4870000000000   1.8824000000000
H30    -0.0120000000000   1.4980000000000   1.5877000000000
H31    -0.3487000000000  -1.7754000000000  -1.2219000000000
H32     1.8921000000000   0.7811000000000   0.1407000000000
H33     2.0788000000000  -4.4388000000000   0.8197000000000
H34     6.4991000000000  -2.9952000000000   0.3477000000000
H35     9.7823000000000  -1.5123000000000  -0.0710000000000
H36     8.6090000000000  -2.2131000000000   1.0364000000000
H37     8.5542000000000  -2.6034000000000  -0.7001000000000
H38     3.7045000000000   1.0624000000000  -0.3762000000000
H39     6.3078000000000   3.4694000000000  -1.0447000000000
H40     4.9756000000000   2.5198000000000  -1.6905000000000
H41     5.0427000000000   2.9161000000000   0.0445000000000
&
