MAEFILE: SM17_micro008.mae
&gen
molchg=3
&
entry_name: SM17_micro008
&zmat
C1     -1.4002000000000   1.8734000000000  -0.8624000000000
C2     -1.8021000000000   3.2199000000000  -0.9575000000000
C3     -1.3907000000000   4.1488000000000   0.0177000000000
C4     -0.5756000000000   3.7314000000000   1.0875000000000
C5     -0.1727000000000   2.3850000000000   1.1833000000000
C6     -0.5856000000000   1.4512000000000   0.2094000000000
C7     -0.1478000000000   0.0041000000000   0.3075000000000
S8      1.3672000000000  -0.2399000000000  -0.6599000000000
C9      1.8088000000000  -1.9311000000000  -0.4410000000000
N10     2.8669000000000  -2.5710000000000  -0.9527000000000
N11     2.8251000000000  -3.8061000000000  -0.5407000000000
C12     1.7374000000000  -3.9401000000000   0.2301000000000
O13     1.0331000000000  -2.7624000000000   0.3356000000000
C14     1.3248000000000  -5.1894000000000   0.9000000000000
C15     0.1114000000000  -5.2477000000000   1.6273000000000
C16    -0.2713000000000  -6.4434000000000   2.2695000000000
N17     0.5221000000000  -7.5317000000000   2.1898000000000
C18     1.6886000000000  -7.5324000000000   1.5115000000000
C19     2.1184000000000  -6.3623000000000   0.8510000000000
H20     3.5786000000000  -2.1582000000000  -1.5560000000000
H21     3.4977000000000  -4.5403000000000  -0.7624000000000
H22     0.2284000000000  -8.3879000000000   2.6621000000000
H23    -1.7175000000000   1.1666000000000  -1.6152000000000
H24    -2.4260000000000   3.5407000000000  -1.7788000000000
H25    -1.6996000000000   5.1811000000000  -0.0554000000000
H26    -0.2593000000000   4.4444000000000   1.8347000000000
H27     0.4539000000000   2.0729000000000   2.0058000000000
H28    -0.9345000000000  -0.6518000000000  -0.0669000000000
H29     0.0343000000000  -0.2638000000000   1.3488000000000
H30    -0.5324000000000  -4.3826000000000   1.6988000000000
H31    -1.1811000000000  -6.5609000000000   2.8406000000000
H32     2.2394000000000  -8.4621000000000   1.5187000000000
H33     3.0561000000000  -6.3807000000000   0.3153000000000
&
