MAEFILE: SM17_micro006.mae
&gen
molchg=2
&
entry_name: SM17_micro006
&zmat
C1     -0.2503000000000   2.4264000000000   1.1819000000000
C2     -0.7396000000000   3.7322000000000   0.9831000000000
C3     -1.4785000000000   4.0394000000000  -0.1759000000000
C4     -1.7294000000000   3.0400000000000  -1.1358000000000
C5     -1.2416000000000   1.7337000000000  -0.9371000000000
C6     -0.5015000000000   1.4223000000000   0.2230000000000
C7      0.0303000000000   0.0190000000000   0.4320000000000
S8      1.6879000000000  -0.1164000000000  -0.2991000000000
C9      2.0169000000000  -1.8199000000000   0.0105000000000
N10     3.0914000000000  -2.5241000000000  -0.3618000000000
N11     2.9649000000000  -3.7800000000000   0.0564000000000
C12     1.7815000000000  -3.7948000000000   0.6905000000000
O13     1.1421000000000  -2.5931000000000   0.6951000000000
C14     1.1323000000000  -4.9293000000000   1.3483000000000
C15    -0.0925000000000  -4.7728000000000   2.0416000000000
C16    -0.6882000000000  -5.8923000000000   2.6586000000000
N17    -0.0897000000000  -7.1005000000000   2.5839000000000
C18     1.0772000000000  -7.2983000000000   1.9340000000000
C19     1.7196000000000  -6.2160000000000   1.2984000000000
H20     3.9089000000000  -2.2272000000000  -0.8803000000000
H21    -0.5383000000000  -7.8979000000000   3.0371000000000
H22     0.3189000000000   2.1989000000000   2.0713000000000
H23    -0.5469000000000   4.4988000000000   1.7193000000000
H24    -1.8524000000000   5.0410000000000  -0.3292000000000
H25    -2.2954000000000   3.2755000000000  -2.0251000000000
H26    -1.4357000000000   0.9727000000000  -1.6787000000000
H27    -0.6421000000000  -0.7024000000000  -0.0338000000000
H28     0.0733000000000  -0.2089000000000   1.4978000000000
H29    -0.5804000000000  -3.8111000000000   2.1081000000000
H30    -1.6195000000000  -5.8579000000000   3.2053000000000
H31     1.4585000000000  -8.3093000000000   1.9410000000000
H32     2.6527000000000  -6.3820000000000   0.7791000000000
&
