MAEFILE: SM17_micro007.mae
&gen
molchg=2
&
entry_name: SM17_micro007
&zmat
C1     -0.2078000000000   2.2740000000000   1.1954000000000
C2     -0.4776000000000   3.6546000000000   1.2663000000000
C3     -1.2141000000000   4.2823000000000   0.2431000000000
C4     -1.6807000000000   3.5293000000000  -0.8518000000000
C5     -1.4112000000000   2.1486000000000  -0.9236000000000
C6     -0.6753000000000   1.5163000000000   0.1008000000000
C7     -0.3787000000000   0.0326000000000   0.0197000000000
S8      1.1907000000000  -0.2252000000000  -0.8573000000000
C9      1.2515000000000  -1.9848000000000  -0.8322000000000
N10     0.3912000000000  -2.8460000000000  -0.2760000000000
N11     0.9153000000000  -4.0342000000000  -0.5580000000000
C12     2.0507000000000  -3.8838000000000  -1.2589000000000
O13     2.3056000000000  -2.5664000000000  -1.4578000000000
C14     2.9690000000000  -4.8881000000000  -1.7915000000000
C15     4.1362000000000  -4.5094000000000  -2.4974000000000
C16     4.9976000000000  -5.5075000000000  -2.9976000000000
N17     4.7037000000000  -6.8107000000000  -2.8009000000000
C18     3.6024000000000  -7.2188000000000  -2.1342000000000
C19     2.7043000000000  -6.2659000000000  -1.6104000000000
H20     0.4575000000000  -4.8827000000000  -0.2497000000000
H21     5.3410000000000  -7.5168000000000  -3.1718000000000
H22     0.3601000000000   1.7994000000000   1.9823000000000
H23    -0.1182000000000   4.2325000000000   2.1052000000000
H24    -1.4202000000000   5.3411000000000   0.2971000000000
H25    -2.2442000000000   4.0111000000000  -1.6373000000000
H26    -1.7693000000000   1.5774000000000  -1.7676000000000
H27    -1.1864000000000  -0.4784000000000  -0.5059000000000
H28    -0.3181000000000  -0.3906000000000   1.0232000000000
H29     4.3796000000000  -3.4692000000000  -2.6601000000000
H30     5.9067000000000  -5.3039000000000  -3.5453000000000
H31     3.4739000000000  -8.2876000000000  -2.0409000000000
H32     1.8251000000000  -6.5994000000000  -1.0783000000000
&
