MAEFILE: SM17_micro009.mae
&gen
molchg=2
&
entry_name: SM17_micro009
&zmat
C1     -1.3889000000000   1.8733000000000  -0.8586000000000
C2     -1.7916000000000   3.2188000000000  -0.9652000000000
C3     -1.3849000000000   4.1550000000000   0.0051000000000
C4     -0.5748000000000   3.7458000000000   1.0819000000000
C5     -0.1711000000000   2.4006000000000   1.1888000000000
C6     -0.5785000000000   1.4597000000000   0.2197000000000
C7     -0.1385000000000   0.0143000000000   0.3289000000000
S8      1.3728000000000  -0.2352000000000  -0.6428000000000
C9      1.8025000000000  -1.9302000000000  -0.4289000000000
N10     2.8553000000000  -2.5767000000000  -0.9435000000000
N11     2.8041000000000  -3.8122000000000  -0.5368000000000
C12     1.7166000000000  -3.9388000000000   0.2331000000000
O13     1.0201000000000  -2.7576000000000   0.3445000000000
C14     1.2994000000000  -5.1883000000000   0.8932000000000
C15     0.0806000000000  -5.2585000000000   1.6039000000000
C16    -0.2842000000000  -6.4688000000000   2.2269000000000
N17     0.4778000000000  -7.5806000000000   2.1847000000000
C18     1.6435000000000  -7.5183000000000   1.5099000000000
C19     2.0954000000000  -6.3560000000000   0.8524000000000
H20     3.5696000000000  -2.1682000000000  -1.5464000000000
H21     3.4687000000000  -4.5527000000000  -0.7610000000000
H22    -1.7020000000000   1.1609000000000  -1.6077000000000
H23    -2.4117000000000   3.5334000000000  -1.7917000000000
H24    -1.6935000000000   5.1867000000000  -0.0767000000000
H25    -0.2624000000000   4.4641000000000   1.8255000000000
H26     0.4526000000000   2.0949000000000   2.0162000000000
H27    -0.9256000000000  -0.6453000000000  -0.0378000000000
H28     0.0476000000000  -0.2458000000000   1.3715000000000
H29    -0.5743000000000  -4.4024000000000   1.6754000000000
H30    -1.2126000000000  -6.5440000000000   2.7736000000000
H31     2.2363000000000  -8.4210000000000   1.4934000000000
H32     3.0413000000000  -6.3758000000000   0.3320000000000
&
