MAEFILE: SM18_micro001.mae
&gen
molchg=1
&
entry_name: SM18_micro001
&zmat
C1     -4.9014000000000   0.1003000000000  -2.1254000000000
C2     -6.2953000000000  -0.0908000000000  -2.0637000000000
C3     -7.0197000000000   0.3474000000000  -0.9390000000000
C4     -6.3523000000000   0.9781000000000   0.1281000000000
C5     -4.9549000000000   1.1714000000000   0.0690000000000
C6     -4.2200000000000   0.7312000000000  -1.0642000000000
C7     -4.2045000000000   1.8414000000000   1.1880000000000
O8     -4.7713000000000   2.2494000000000   2.2005000000000
N9     -2.8758000000000   1.9579000000000   0.9957000000000
C10    -2.2352000000000   1.4963000000000  -0.1613000000000
N11    -2.8274000000000   0.9091000000000  -1.1566000000000
C12    -0.7393000000000   1.7460000000000  -0.1321000000000
C13     0.0235000000000   0.6661000000000   0.6549000000000
C14     1.5304000000000   0.9024000000000   0.6083000000000
O15     2.1882000000000   1.4849000000000   1.4703000000000
N16     2.2219000000000   0.4031000000000  -0.7075000000000
C17     3.4994000000000   0.2427000000000  -0.8663000000000
N18     4.4328000000000   0.4464000000000   0.0861000000000
C19     5.6120000000000   0.2202000000000  -0.3300000000000
C20     5.8193000000000  -0.2255000000000  -1.7657000000000
S21     4.1557000000000  -0.2968000000000  -2.4322000000000
C22     6.5247000000000  -1.5910000000000  -1.8755000000000
C23     8.0285000000000  -1.4952000000000  -1.6861000000000
C24     8.6165000000000  -1.8702000000000  -0.4595000000000
C25    10.0111000000000  -1.7758000000000  -0.2856000000000
C26    10.8233000000000  -1.3070000000000  -1.3366000000000
F27    12.1636000000000  -1.2154000000000  -1.1666000000000
C28    10.2399000000000  -0.9333000000000  -2.5632000000000
F29    11.0181000000000  -0.4821000000000  -3.5755000000000
C30     8.8454000000000  -1.0280000000000  -2.7375000000000
H31    -2.3275000000000   2.4011000000000   1.7184000000000
H32     1.6144000000000   0.1688000000000  -1.4856000000000
H33    -4.3558000000000  -0.2398000000000  -2.9937000000000
H34    -6.8093000000000  -0.5745000000000  -2.8812000000000
H35    -8.0886000000000   0.1997000000000  -0.8950000000000
H36    -6.9193000000000   1.3101000000000   0.9858000000000
H37    -0.5491000000000   2.7263000000000   0.3091000000000
H38    -0.3727000000000   1.8026000000000  -1.1584000000000
H39    -0.1880000000000  -0.3242000000000   0.2488000000000
H40    -0.2982000000000   0.6538000000000   1.6973000000000
H41     6.5041000000000   0.3299000000000   0.2923000000000
H42     6.3667000000000   0.5423000000000  -2.3134000000000
H43     6.3520000000000  -2.0089000000000  -2.8682000000000
H44     6.0998000000000  -2.3100000000000  -1.1728000000000
H45     8.0009000000000  -2.2287000000000   0.3526000000000
H46    10.4580000000000  -2.0627000000000   0.6549000000000
H47     8.4043000000000  -0.7387000000000  -3.6801000000000
&
