MAEFILE: SM18_micro002.mae
&gen
&
entry_name: SM18_micro002
&zmat
C1     -4.5437000000000   0.8969000000000   2.7608000000000
C2     -5.8836000000000   0.5893000000000   3.0675000000000
C3     -6.8956000000000   0.8055000000000   2.1105000000000
C4     -6.5749000000000   1.3299000000000   0.8419000000000
C5     -5.2336000000000   1.6415000000000   0.5257000000000
C6     -4.2271000000000   1.4208000000000   1.4931000000000
C7     -4.8343000000000   2.2094000000000  -0.8258000000000
O8     -5.7121000000000   2.4029000000000  -1.6659000000000
N9     -3.4815000000000   2.4917000000000  -1.0703000000000
C10    -2.6197000000000   2.2586000000000  -0.1234000000000
N11    -2.9224000000000   1.7448000000000   1.1298000000000
C12    -1.1416000000000   2.5371000000000  -0.3351000000000
C13    -0.2767000000000   1.2604000000000  -0.2954000000000
C14     1.2128000000000   1.5484000000000  -0.5046000000000
O15     1.7382000000000   2.4974000000000   0.0781000000000
N16     1.8604000000000   0.7079000000000  -1.3335000000000
C17     3.2350000000000   0.7073000000000  -1.6883000000000
N18     4.1462000000000   1.5430000000000  -1.1787000000000
C19     5.4208000000000   1.3076000000000  -1.6982000000000
C20     5.4698000000000   0.2818000000000  -2.6111000000000
S21     3.8948000000000  -0.4331000000000  -2.8500000000000
C22     6.6664000000000  -0.2178000000000  -3.3518000000000
C23     7.1014000000000   0.7463000000000  -4.4389000000000
C24     8.1262000000000   1.6834000000000  -4.1892000000000
C25     8.5228000000000   2.5830000000000  -5.1977000000000
C26     7.8964000000000   2.5498000000000  -6.4589000000000
F27     8.2790000000000   3.4159000000000  -7.4270000000000
C28     6.8722000000000   1.6159000000000  -6.7113000000000
F29     6.2676000000000   1.5827000000000  -7.9227000000000
C30     6.4755000000000   0.7159000000000  -5.7029000000000
H31    -2.2121000000000   1.5854000000000   1.8297000000000
H32    -3.7689000000000   0.7313000000000   3.4950000000000
H33    -6.1360000000000   0.1874000000000   4.0378000000000
H34    -7.9217000000000   0.5683000000000   2.3506000000000
H35    -7.3640000000000   1.4888000000000   0.1214000000000
H36    -0.8134000000000   3.2421000000000   0.4304000000000
H37    -1.0047000000000   3.0437000000000  -1.2922000000000
H38    -0.6247000000000   0.5584000000000  -1.0555000000000
H39    -0.3827000000000   0.7556000000000   0.6656000000000
H40     1.3022000000000  -0.0174000000000  -1.7597000000000
H41     6.2429000000000   1.9229000000000  -1.3637000000000
H42     6.4546000000000  -1.1892000000000  -3.8001000000000
H43     7.4903000000000  -0.3787000000000  -2.6557000000000
H44     8.6082000000000   1.7172000000000  -3.2231000000000
H45     9.3072000000000   3.2995000000000  -5.0034000000000
H46     5.6877000000000   0.0036000000000  -5.9004000000000
&
