MAEFILE: SM18_micro071.mae
&gen
molchg=-1
&
entry_name: SM18_micro071
&zmat
C1     -5.2841000000000   1.3946000000000  -1.8347000000000
C2     -6.6532000000000   1.0660000000000  -1.8073000000000
C3     -7.2399000000000   0.5858000000000  -0.6208000000000
C4     -6.4593000000000   0.4321000000000   0.5414000000000
C5     -5.0851000000000   0.7597000000000   0.5193000000000
C6     -4.4948000000000   1.2442000000000  -0.6762000000000
C7     -4.2152000000000   0.6074000000000   1.7452000000000
O8     -4.7135000000000   0.1920000000000   2.7908000000000
N9     -2.9098000000000   0.9606000000000   1.5586000000000
C10    -2.4332000000000   1.4229000000000   0.3470000000000
N11    -3.1310000000000   1.5723000000000  -0.7161000000000
C12    -0.9545000000000   1.7638000000000   0.2885000000000
C13    -0.1029000000000   0.5493000000000  -0.1282000000000
C14     1.3869000000000   0.8791000000000  -0.2585000000000
O15     1.9231000000000   1.6397000000000   0.5483000000000
N16     2.0235000000000   0.2822000000000  -1.2836000000000
C17     3.3908000000000   0.3812000000000  -1.6521000000000
N18     4.3010000000000   1.1067000000000  -0.9936000000000
C19     5.5668000000000   1.0122000000000  -1.5766000000000
C20     5.6096000000000   0.2043000000000  -2.6875000000000
S21     4.0394000000000  -0.4704000000000  -3.0447000000000
C22     6.7956000000000  -0.1093000000000  -3.5387000000000
C23     7.0593000000000   0.9741000000000  -4.5669000000000
C24     7.9928000000000   1.9971000000000  -4.2976000000000
C25     8.2336000000000   3.0041000000000  -5.2525000000000
C26     7.5417000000000   2.9930000000000  -6.4794000000000
F27     7.7749000000000   3.9622000000000  -7.3960000000000
C28     6.6076000000000   1.9739000000000  -6.7509000000000
F29     5.9396000000000   1.9617000000000  -7.9288000000000
C30     6.3672000000000   0.9663000000000  -5.7963000000000
H31    -4.8404000000000   1.7630000000000  -2.7480000000000
H32    -7.2536000000000   1.1829000000000  -2.6971000000000
H33    -8.2899000000000   0.3344000000000  -0.6016000000000
H34    -6.9236000000000   0.0622000000000   1.4439000000000
H35    -0.6340000000000   2.1363000000000   1.2632000000000
H36    -0.8042000000000   2.5857000000000  -0.4137000000000
H37    -0.4686000000000   0.1536000000000  -1.0776000000000
H38    -0.2104000000000  -0.2517000000000   0.6044000000000
H39     1.4580000000000  -0.3147000000000  -1.8695000000000
H40     6.3878000000000   1.5570000000000  -1.1340000000000
H41     6.6486000000000  -1.0607000000000  -4.0514000000000
H42     7.6782000000000  -0.2378000000000  -2.9108000000000
H43     8.5252000000000   2.0132000000000  -3.3578000000000
H44     8.9491000000000   3.7857000000000  -5.0435000000000
H45     5.6483000000000   0.1885000000000  -6.0087000000000
&
