MAEFILE: SM18_micro034.mae
&gen
molchg=1
&
entry_name: SM18_micro034
&zmat
C1     -5.4723000000000   1.2300000000000  -2.0415000000000
C2     -6.8162000000000   0.8175000000000  -1.9524000000000
C3     -7.3247000000000   0.3264000000000  -0.7330000000000
C4     -6.4934000000000   0.2455000000000   0.4026000000000
C5     -5.1445000000000   0.6569000000000   0.3238000000000
C6     -4.6487000000000   1.1453000000000  -0.9028000000000
C7     -4.2417000000000   0.5837000000000   1.5157000000000
O8     -4.5950000000000   0.1660000000000   2.6167000000000
N9     -2.9038000000000   1.0393000000000   1.3098000000000
C10    -2.4866000000000   1.5018000000000   0.1077000000000
N11    -3.2777000000000   1.5636000000000  -0.9878000000000
C12    -1.0632000000000   1.9395000000000  -0.0212000000000
C13    -0.1959000000000   0.7261000000000  -0.3980000000000
C14     1.2925000000000   1.0681000000000  -0.5167000000000
O15     1.7827000000000   1.9274000000000   0.2166000000000
N16     1.9795000000000   0.3735000000000  -1.4434000000000
C17     3.3604000000000   0.4619000000000  -1.7628000000000
N18     4.2293000000000   1.2618000000000  -1.1361000000000
C19     5.5210000000000   1.1380000000000  -1.6522000000000
C20     5.6257000000000   0.2335000000000  -2.6812000000000
S21     4.0838000000000  -0.5030000000000  -3.0398000000000
C22     6.8533000000000  -0.1280000000000  -3.4507000000000
C23     7.2029000000000   0.9256000000000  -4.4840000000000
C24     8.1182000000000   1.9522000000000  -4.1697000000000
C25     8.4361000000000   2.9343000000000  -5.1281000000000
C26     7.8400000000000   2.8940000000000  -6.4035000000000
F27     8.1461000000000   3.8400000000000  -7.3229000000000
C28     6.9252000000000   1.8705000000000  -6.7206000000000
F29     6.3499000000000   1.8300000000000  -7.9459000000000
C30     6.6070000000000   0.8884000000000  -5.7622000000000
H31    -2.2093000000000   1.0385000000000   2.0432000000000
H32    -2.8895000000000   1.9151000000000  -1.8519000000000
H33    -5.0831000000000   1.6062000000000  -2.9764000000000
H34    -7.4582000000000   0.8775000000000  -2.8190000000000
H35    -8.3559000000000   0.0110000000000  -0.6684000000000
H36    -6.9004000000000  -0.1326000000000   1.3296000000000
H37    -0.7366000000000   2.3801000000000   0.9224000000000
H38    -0.9858000000000   2.7203000000000  -0.7797000000000
H39    -0.5532000000000   0.3049000000000  -1.3386000000000
H40    -0.3073000000000  -0.0539000000000   0.3555000000000
H41     1.4530000000000  -0.2982000000000  -1.9828000000000
H42     6.3129000000000   1.7374000000000  -1.2279000000000
H43     6.7165000000000  -1.0882000000000  -3.9498000000000
H44     7.6931000000000  -0.2591000000000  -2.7670000000000
H45     8.5764000000000   1.9915000000000  -3.1922000000000
H46     9.1364000000000   3.7194000000000  -4.8841000000000
H47     5.9019000000000   0.1083000000000  -6.0093000000000
&
