MAEFILE: SM18_micro068.mae
&gen
&
entry_name: SM18_micro068
&zmat
C1     -3.6251000000000  -2.7516000000000  -4.6611000000000
C2     -3.9918000000000  -3.7309000000000  -5.6046000000000
C3     -3.7276000000000  -5.0917000000000  -5.3489000000000
C4     -3.0940000000000  -5.4801000000000  -4.1506000000000
C5     -2.7211000000000  -4.5056000000000  -3.1985000000000
C6     -2.9944000000000  -3.1482000000000  -3.4667000000000
C7     -2.0425000000000  -4.8899000000000  -1.9201000000000
O8     -1.7699000000000  -6.0491000000000  -1.6131000000000
N9     -1.7148000000000  -3.8117000000000  -1.0421000000000
C10    -2.0092000000000  -2.5281000000000  -1.3525000000000
N11    -2.6183000000000  -2.1554000000000  -2.5015000000000
C12    -1.6244000000000  -1.4581000000000  -0.3820000000000
C13    -0.6710000000000  -0.4724000000000  -1.0258000000000
C14    -0.9407000000000   0.8685000000000  -1.2286000000000
O15    -1.9617000000000   1.5395000000000  -0.9540000000000
N16     0.0678000000000   1.5902000000000  -1.8601000000000
C17     1.0301000000000   2.1506000000000  -1.2007000000000
N18     1.2018000000000   2.1140000000000   0.1775000000000
C19     2.3064000000000   2.7860000000000   0.6428000000000
C20     3.0578000000000   3.3818000000000  -0.2843000000000
S21     2.4039000000000   3.1287000000000  -1.9018000000000
C22     4.3235000000000   4.1842000000000  -0.0302000000000
C23     4.9591000000000   4.8070000000000  -1.2614000000000
C24     4.5652000000000   6.0933000000000  -1.6871000000000
C25     5.1479000000000   6.6688000000000  -2.8330000000000
C26     6.1273000000000   5.9615000000000  -3.5566000000000
F27     6.6856000000000   6.5164000000000  -4.6587000000000
C28     6.5251000000000   4.6778000000000  -3.1332000000000
F29     7.4660000000000   3.9952000000000  -3.8282000000000
C30     5.9428000000000   4.1020000000000  -1.9870000000000
H31    -1.2519000000000  -3.9494000000000  -0.1554000000000
H32    -2.7840000000000  -1.1713000000000  -2.6626000000000
H33     0.5844000000000   1.6401000000000   0.8208000000000
H34    -3.8274000000000  -1.7083000000000  -4.8561000000000
H35    -4.4757000000000  -3.4387000000000  -6.5249000000000
H36    -4.0108000000000  -5.8402000000000  -6.0744000000000
H37    -2.8974000000000  -6.5275000000000  -3.9718000000000
H38    -1.1420000000000  -1.8938000000000   0.4940000000000
H39    -2.5256000000000  -0.9533000000000  -0.0322000000000
H40     0.2760000000000  -0.8873000000000  -1.3414000000000
H41     2.4750000000000   2.7782000000000   1.7095000000000
H42     5.0511000000000   3.5331000000000   0.4558000000000
H43     4.0940000000000   4.9727000000000   0.6874000000000
H44     3.8106000000000   6.6384000000000  -1.1389000000000
H45     4.8419000000000   7.6524000000000  -3.1578000000000
H46     6.2480000000000   3.1155000000000  -1.6699000000000
&
