MAEFILE: SM18_micro028.mae
&gen
&
entry_name: SM18_micro028
&zmat
C1     -0.9472000000000   1.9671000000000  -4.8649000000000
C2     -0.4829000000000   2.2984000000000  -6.1524000000000
C3      0.7741000000000   2.9099000000000  -6.3134000000000
C4      1.5688000000000   3.1905000000000  -5.1865000000000
C5      1.1025000000000   2.8583000000000  -3.8953000000000
C6     -0.1671000000000   2.2407000000000  -3.7218000000000
C7      1.8571000000000   3.1151000000000  -2.7242000000000
O8      3.0884000000000   3.7009000000000  -2.7952000000000
N9      1.3850000000000   2.7858000000000  -1.5038000000000
C10     0.1790000000000   2.2142000000000  -1.4472000000000
N11    -0.6100000000000   1.9220000000000  -2.4846000000000
C12    -0.3173000000000   1.7896000000000  -0.0744000000000
C13    -0.0334000000000   0.3072000000000   0.2390000000000
C14     1.4597000000000  -0.0021000000000   0.3835000000000
O15     2.1264000000000   0.6065000000000   1.2207000000000
N16     1.9437000000000  -0.9503000000000  -0.4404000000000
C17     3.2774000000000  -1.4231000000000  -0.5501000000000
N18     4.3096000000000  -0.9374000000000   0.1477000000000
C19     5.5044000000000  -1.5905000000000  -0.1624000000000
C20     5.3705000000000  -2.5804000000000  -1.1059000000000
S21     3.7160000000000  -2.7224000000000  -1.6478000000000
C22     6.4436000000000  -3.4673000000000  -1.6488000000000
C23     6.7403000000000  -3.1971000000000  -3.1131000000000
C24     7.3017000000000  -1.9634000000000  -3.5057000000000
C25     7.5815000000000  -1.7125000000000  -4.8631000000000
C26     7.3046000000000  -2.6950000000000  -5.8335000000000
F27     7.5776000000000  -2.4532000000000  -7.1378000000000
C28     6.7451000000000  -3.9283000000000  -5.4458000000000
F29     6.4791000000000  -4.8752000000000  -6.3768000000000
C30     6.4627000000000  -4.1785000000000  -4.0886000000000
H31    -1.9138000000000   1.4979000000000  -4.7538000000000
H32    -1.0923000000000   2.0827000000000  -7.0176000000000
H33     1.1290000000000   3.1636000000000  -7.3016000000000
H34     2.5323000000000   3.6597000000000  -5.3226000000000
H35     3.4862000000000   3.8101000000000  -1.9451000000000
H36    -1.3921000000000   1.9692000000000  -0.0215000000000
H37     0.1249000000000   2.4313000000000   0.6897000000000
H38    -0.4831000000000  -0.3287000000000  -0.5255000000000
H39    -0.5164000000000   0.0414000000000   1.1797000000000
H40     1.2784000000000  -1.3796000000000  -1.0667000000000
H41     6.4105000000000  -1.2869000000000   0.3410000000000
H42     6.1560000000000  -4.5108000000000  -1.5150000000000
H43     7.3635000000000  -3.3313000000000  -1.0789000000000
H44     7.5175000000000  -1.2061000000000  -2.7661000000000
H45     8.0101000000000  -0.7664000000000  -5.1596000000000
H46     6.0337000000000  -5.1271000000000  -3.8003000000000
&
