MAEFILE: SM18_micro003.mae
&gen
&
entry_name: SM18_micro003
&zmat
C1     -1.1327000000000  -3.7113000000000   4.2512000000000
C2     -1.4884000000000  -3.8866000000000   5.6029000000000
C3     -2.6420000000000  -3.2611000000000   6.1175000000000
C4     -3.4463000000000  -2.4563000000000   5.2850000000000
C5     -3.0967000000000  -2.2741000000000   3.9282000000000
C6     -1.9387000000000  -2.9074000000000   3.4226000000000
C7     -3.9277000000000  -1.4150000000000   2.9898000000000
O8     -4.9365000000000  -0.8663000000000   3.4315000000000
N9     -3.5177000000000  -1.2764000000000   1.6553000000000
C10    -2.4388000000000  -1.8947000000000   1.2713000000000
N11    -1.6420000000000  -2.6951000000000   2.0786000000000
C12    -1.9531000000000  -1.7751000000000  -0.1636000000000
C13    -0.5207000000000  -1.2763000000000  -0.2421000000000
C14    -0.1471000000000  -0.0624000000000  -0.7823000000000
O15    -0.7830000000000   0.8758000000000  -1.3168000000000
N16     1.2403000000000   0.1082000000000  -0.7389000000000
C17     1.8939000000000   1.2753000000000  -0.6083000000000
N18     3.2065000000000   1.3319000000000  -0.8662000000000
C19     3.7845000000000   2.5785000000000  -0.6649000000000
C20     2.8883000000000   3.5116000000000  -0.2070000000000
S21     1.3029000000000   2.8113000000000  -0.0248000000000
C22     3.1421000000000   4.9490000000000   0.1171000000000
C23     4.3281000000000   5.1345000000000   1.0459000000000
C24     5.6147000000000   5.3689000000000   0.5159000000000
C25     6.7159000000000   5.5338000000000   1.3781000000000
C26     6.5353000000000   5.4671000000000   2.7734000000000
F27     7.5957000000000   5.6259000000000   3.6004000000000
C28     5.2521000000000   5.2342000000000   3.3063000000000
F29     5.0759000000000   5.1690000000000   4.6474000000000
C30     4.1504000000000   5.0678000000000   2.4440000000000
H31    -0.8100000000000  -3.1449000000000   1.7250000000000
H32     3.7314000000000   0.5311000000000  -1.1939000000000
H33    -0.2487000000000  -4.1908000000000   3.8573000000000
H34    -0.8760000000000  -4.5013000000000   6.2461000000000
H35    -2.9108000000000  -3.3987000000000   7.1545000000000
H36    -4.3264000000000  -1.9841000000000   5.6967000000000
H37    -2.6112000000000  -1.1066000000000  -0.7208000000000
H38    -2.0148000000000  -2.7495000000000  -0.6487000000000
H39     0.2268000000000  -1.9452000000000   0.1623000000000
H40     1.8712000000000  -0.6796000000000  -0.7428000000000
H41     4.8386000000000   2.6930000000000  -0.8713000000000
H42     2.2588000000000   5.3926000000000   0.5784000000000
H43     3.3143000000000   5.5068000000000  -0.8040000000000
H44     5.7614000000000   5.4192000000000  -0.5532000000000
H45     7.6996000000000   5.7108000000000   0.9685000000000
H46     3.1693000000000   4.8873000000000   2.8588000000000
&
