MAEFILE: SM18_micro057.mae
&gen
&
entry_name: SM18_micro057
&zmat
C1     -4.4993000000000   2.3732000000000   2.1180000000000
C2     -5.8793000000000   2.3226000000000   2.3938000000000
C3     -6.7564000000000   1.6925000000000   1.4916000000000
C4     -6.2541000000000   1.1118000000000   0.3122000000000
C5     -4.8695000000000   1.1624000000000   0.0363000000000
C6     -3.9750000000000   1.7979000000000   0.9415000000000
C7     -4.3044000000000   0.5928000000000  -1.1315000000000
O8     -5.0883000000000  -0.0395000000000  -2.0537000000000
N9     -2.9763000000000   0.6539000000000  -1.3666000000000
C10    -2.2240000000000   1.2817000000000  -0.4592000000000
N11    -2.6505000000000   1.8436000000000   0.6750000000000
C12    -0.7264000000000   1.2946000000000  -0.7018000000000
C13    -0.0336000000000   0.0727000000000  -0.0747000000000
C14     1.4818000000000   0.0982000000000  -0.2812000000000
O15     1.9704000000000  -0.6198000000000  -1.1576000000000
N16     2.1148000000000   0.9689000000000   0.5998000000000
C17     3.4098000000000   1.0611000000000   0.6499000000000
N18     4.3622000000000   0.3519000000000  -0.0809000000000
C19     5.6706000000000   0.6570000000000   0.2055000000000
C20     5.8506000000000   1.5875000000000   1.1420000000000
S21     4.3236000000000   2.1956000000000   1.7581000000000
C22     7.1674000000000   2.1352000000000   1.6506000000000
C23     7.8291000000000   1.2323000000000   2.6739000000000
C24     8.5859000000000   0.1184000000000   2.2533000000000
C25     9.1952000000000  -0.7228000000000   3.2047000000000
C26     9.0506000000000  -0.4534000000000   4.5797000000000
F27     9.6371000000000  -1.2635000000000   5.4927000000000
C28     8.2955000000000   0.6580000000000   5.0032000000000
F29     8.1547000000000   0.9188000000000   6.3247000000000
C30     7.6854000000000   1.4988000000000   4.0519000000000
H31     4.1489000000000  -0.3520000000000  -0.7733000000000
H32    -3.8355000000000   2.8593000000000   2.8179000000000
H33    -6.2647000000000   2.7680000000000   3.2991000000000
H34    -7.8147000000000   1.6541000000000   1.7043000000000
H35    -6.9376000000000   0.6306000000000  -0.3720000000000
H36    -4.5907000000000  -0.3766000000000  -2.7827000000000
H37    -0.3104000000000   2.2183000000000  -0.2956000000000
H38    -0.5366000000000   1.3233000000000  -1.7763000000000
H39    -0.4374000000000  -0.8443000000000  -0.5064000000000
H40    -0.2469000000000   0.0276000000000   0.9944000000000
H41     6.4354000000000   0.1262000000000  -0.3423000000000
H42     7.0049000000000   3.1241000000000   2.0811000000000
H43     7.8429000000000   2.2760000000000   0.8058000000000
H44     8.6984000000000  -0.0949000000000   1.2002000000000
H45     9.7731000000000  -1.5754000000000   2.8797000000000
H46     7.1059000000000   2.3479000000000   4.3835000000000
&
