MAEFILE: SM18_micro070.mae
&gen
molchg=-1
&
entry_name: SM18_micro070
&zmat
C1     -4.8322000000000  -0.6582000000000   4.0943000000000
C2     -5.2094000000000  -0.9659000000000   5.4160000000000
C3     -4.5264000000000  -1.9682000000000   6.1309000000000
C4     -3.4633000000000  -2.6656000000000   5.5259000000000
C5     -3.0833000000000  -2.3591000000000   4.2012000000000
C6     -3.7696000000000  -1.3490000000000   3.4756000000000
C7     -1.9523000000000  -3.0806000000000   3.5202000000000
O8     -1.3110000000000  -3.9660000000000   4.0846000000000
N9     -1.7014000000000  -2.6854000000000   2.2572000000000
C10    -2.4317000000000  -1.6748000000000   1.6174000000000
N11    -3.4164000000000  -1.0186000000000   2.1539000000000
C12    -1.9447000000000  -1.4171000000000   0.2013000000000
C13    -0.4869000000000  -0.9917000000000   0.1719000000000
C14    -0.0407000000000   0.2393000000000  -0.2661000000000
O15    -0.6220000000000   1.2490000000000  -0.7247000000000
N16     1.3532000000000   0.3275000000000  -0.1696000000000
C17     2.1811000000000   1.4562000000000  -0.2227000000000
N18     1.8234000000000   2.7335000000000  -0.3972000000000
C19     2.9145000000000   3.6039000000000  -0.3775000000000
C20     4.1198000000000   2.9776000000000  -0.1792000000000
S21     3.9162000000000   1.2519000000000  -0.0225000000000
C22     5.4699000000000   3.6076000000000  -0.0858000000000
C23     5.8086000000000   4.0039000000000   1.3390000000000
C24     6.3639000000000   3.0559000000000   2.2241000000000
C25     6.6674000000000   3.4187000000000   3.5507000000000
C26     6.4184000000000   4.7311000000000   3.9971000000000
F27     6.7108000000000   5.0779000000000   5.2731000000000
C28     5.8645000000000   5.6808000000000   3.1160000000000
F29     5.6232000000000   6.9429000000000   3.5436000000000
C30     5.5595000000000   5.3175000000000   1.7895000000000
H31    -0.9468000000000  -3.1301000000000   1.7555000000000
H32    -5.3626000000000   0.1131000000000   3.5549000000000
H33    -6.0239000000000  -0.4314000000000   5.8822000000000
H34    -4.8175000000000  -2.2021000000000   7.1444000000000
H35    -2.9458000000000  -3.4324000000000   6.0840000000000
H36    -2.5672000000000  -0.6527000000000  -0.2660000000000
H37    -2.0614000000000  -2.3230000000000  -0.3941000000000
H38     0.2193000000000  -1.7294000000000   0.5277000000000
H39     1.8886000000000  -0.4992000000000   0.0500000000000
H40     2.7412000000000   4.6621000000000  -0.5049000000000
H41     5.5151000000000   4.4872000000000  -0.7292000000000
H42     6.2302000000000   2.9202000000000  -0.4583000000000
H43     6.5528000000000   2.0464000000000   1.8887000000000
H44     7.0896000000000   2.6893000000000   4.2262000000000
H45     5.1308000000000   6.0489000000000   1.1199000000000
&
