MAEFILE: SM18_micro026.mae
&gen
molchg=2
&
entry_name: SM18_micro026
&zmat
C1      0.0096000000000   1.6565000000000  -4.6272000000000
C2      0.4600000000000   2.2279000000000  -5.8331000000000
C3      0.9159000000000   3.5615000000000  -5.8555000000000
C4      0.9249000000000   4.3298000000000  -4.6734000000000
C5      0.4757000000000   3.7657000000000  -3.4589000000000
C6      0.0199000000000   2.4314000000000  -3.4518000000000
C7      0.4830000000000   4.5558000000000  -2.1878000000000
O8      0.8435000000000   5.7288000000000  -2.1135000000000
N9      0.0501000000000   3.8566000000000  -1.0199000000000
C10    -0.3625000000000   2.5669000000000  -1.0708000000000
N11    -0.4327000000000   1.8521000000000  -2.2192000000000
C12    -0.7872000000000   1.9129000000000   0.2116000000000
C13    -0.0234000000000   0.5955000000000   0.4611000000000
C14     1.5015000000000   0.7558000000000   0.4623000000000
O15     2.0304000000000   1.6284000000000  -0.2254000000000
N16     2.1788000000000  -0.1072000000000   1.2405000000000
C17     3.5835000000000  -0.1896000000000   1.4147000000000
N18     4.0848000000000  -1.1046000000000   2.2532000000000
C19     5.4720000000000  -1.0923000000000   2.3376000000000
C20     6.0458000000000  -0.1359000000000   1.5362000000000
S21     4.8336000000000   0.7633000000000   0.6622000000000
C22     7.4992000000000   0.1670000000000   1.3755000000000
C23     7.9716000000000   1.2167000000000   2.3630000000000
C24     8.4587000000000   0.8307000000000   3.6296000000000
C25     8.8927000000000   1.8066000000000   4.5480000000000
C26     8.8411000000000   3.1715000000000   4.2041000000000
F27     9.2583000000000   4.1081000000000   5.0888000000000
C28     8.3550000000000   3.5606000000000   2.9403000000000
F29     8.3033000000000   4.8722000000000   2.6073000000000
C30     7.9210000000000   2.5850000000000   2.0216000000000
H31     0.0305000000000   4.2867000000000  -0.1064000000000
H32    -0.7751000000000   0.9023000000000  -2.1836000000000
H33     3.5075000000000  -1.7481000000000   2.7804000000000
H34    -0.3387000000000   0.6340000000000  -4.6105000000000
H35     0.4566000000000   1.6438000000000  -6.7416000000000
H36     1.2616000000000   3.9964000000000  -6.7818000000000
H37     1.2800000000000   5.3499000000000  -4.7085000000000
H38    -1.8593000000000   1.7186000000000   0.1675000000000
H39    -0.6306000000000   2.5974000000000   1.0471000000000
H40    -0.2871000000000  -0.1378000000000  -0.3014000000000
H41    -0.3448000000000   0.1734000000000   1.4142000000000
H42     1.6302000000000  -0.7756000000000   1.7619000000000
H43     5.9521000000000  -1.8014000000000   2.9969000000000
H44     7.6999000000000   0.5098000000000   0.3597000000000
H45     8.0856000000000  -0.7431000000000   1.5081000000000
H46     8.4997000000000  -0.2142000000000   3.9012000000000
H47     9.2653000000000   1.5082000000000   5.5170000000000
H48     7.5475000000000   2.8905000000000   1.0551000000000
&
