MAEFILE: SM18_micro054.mae
&gen
molchg=1
&
entry_name: SM18_micro054
&zmat
C1     -2.1580000000000  -5.1362000000000   2.5023000000000
C2     -2.9012000000000  -6.2248000000000   2.9984000000000
C3     -4.3088000000000  -6.1597000000000   3.0406000000000
C4     -4.9822000000000  -5.0069000000000   2.5876000000000
C5     -4.2450000000000  -3.9102000000000   2.0881000000000
C6     -2.8342000000000  -3.9871000000000   2.0510000000000
C7     -4.9209000000000  -2.6450000000000   1.5853000000000
O8     -6.1487000000000  -2.5784000000000   1.6226000000000
N9     -4.1240000000000  -1.5993000000000   1.0934000000000
C10    -2.8324000000000  -1.7545000000000   1.0970000000000
N11    -2.1573000000000  -2.8798000000000   1.5481000000000
C12    -1.9157000000000  -0.6672000000000   0.5685000000000
C13    -1.2090000000000  -1.0710000000000  -0.7409000000000
C14    -0.1074000000000  -0.0753000000000  -1.1283000000000
O15    -0.4295000000000   0.9553000000000  -1.7167000000000
N16     1.1885000000000  -0.3339000000000  -0.8549000000000
C17     1.7558000000000  -1.3713000000000  -0.0682000000000
N18     1.1394000000000  -1.9436000000000   0.9708000000000
C19     1.9364000000000  -2.9100000000000   1.5871000000000
C20     3.1794000000000  -3.0491000000000   1.0190000000000
S21     3.3959000000000  -1.9472000000000  -0.3187000000000
C22     4.2594000000000  -3.9966000000000   1.4242000000000
C23     4.0285000000000  -5.3839000000000   0.8558000000000
C24     3.2756000000000  -6.3313000000000   1.5814000000000
C25     3.0526000000000  -7.6159000000000   1.0483000000000
C26     3.5814000000000  -7.9579000000000  -0.2117000000000
F27     3.3655000000000  -9.1933000000000  -0.7227000000000
C28     4.3328000000000  -7.0140000000000  -0.9394000000000
F29     4.8410000000000  -7.3399000000000  -2.1517000000000
C30     4.5554000000000  -5.7292000000000  -0.4066000000000
H31    -1.1496000000000  -2.9466000000000   1.5280000000000
H32    -1.4272000000000   1.0993000000000  -1.6240000000000
H33    -1.0794000000000  -5.1866000000000   2.4689000000000
H34    -2.3919000000000  -7.1113000000000   3.3460000000000
H35    -4.8744000000000  -6.9974000000000   3.4210000000000
H36    -6.0614000000000  -4.9758000000000   2.6268000000000
H37    -1.1845000000000  -0.4287000000000   1.3425000000000
H38    -2.4911000000000   0.2464000000000   0.4106000000000
H39    -1.9444000000000  -1.0955000000000  -1.5463000000000
H40    -0.8104000000000  -2.0843000000000  -0.7015000000000
H41     1.8589000000000   0.2956000000000  -1.2732000000000
H42     1.5369000000000  -3.4595000000000   2.4268000000000
H43     4.3127000000000  -4.0557000000000   2.5120000000000
H44     5.2304000000000  -3.6266000000000   1.0925000000000
H45     2.8653000000000  -6.0744000000000   2.5471000000000
H46     2.4753000000000  -8.3386000000000   1.6061000000000
H47     5.1294000000000  -5.0084000000000  -0.9704000000000
&
