MAEFILE: SM18_micro052.mae
&gen
molchg=-2
&
entry_name: SM18_micro052
&zmat
C1     -3.0617000000000  -2.6063000000000  -4.3987000000000
C2     -3.2981000000000  -1.8677000000000  -5.5744000000000
C3     -2.8877000000000  -0.5237000000000  -5.6591000000000
C4     -2.2405000000000   0.0861000000000  -4.5675000000000
C5     -2.0035000000000  -0.6517000000000  -3.3873000000000
C6     -2.4142000000000  -2.0087000000000  -3.2975000000000
C7     -1.3179000000000  -0.0347000000000  -2.1988000000000
O8     -0.9247000000000   1.1315000000000  -2.2056000000000
N9     -1.1735000000000  -0.8526000000000  -1.1398000000000
C10    -1.5974000000000  -2.1905000000000  -1.1407000000000
N11    -2.1909000000000  -2.7746000000000  -2.1380000000000
C12    -1.2926000000000  -2.9120000000000   0.1673000000000
C13     0.0258000000000  -2.4633000000000   0.7745000000000
C14     0.1506000000000  -1.7247000000000   1.9362000000000
O15    -0.7415000000000  -1.3274000000000   2.7185000000000
N16     1.3821000000000  -1.3285000000000   2.3189000000000
C17     1.9957000000000  -0.3812000000000   1.5893000000000
N18     3.2193000000000  -0.5408000000000   1.0758000000000
C19     3.6498000000000   0.5500000000000   0.3191000000000
C20     2.7386000000000   1.5725000000000   0.2553000000000
S21     1.3046000000000   1.1893000000000   1.1666000000000
C22     2.8704000000000   2.8727000000000  -0.4660000000000
C23     3.8216000000000   3.8207000000000   0.2401000000000
C24     3.4098000000000   4.4906000000000   1.4113000000000
C25     4.2925000000000   5.3661000000000   2.0732000000000
C26     5.5896000000000   5.5757000000000   1.5660000000000
F27     6.4370000000000   6.4177000000000   2.2038000000000
C28     6.0043000000000   4.9082000000000   0.3967000000000
F29     7.2513000000000   5.1072000000000  -0.0926000000000
C30     5.1221000000000   4.0318000000000  -0.2649000000000
H31    -0.7165000000000  -0.4955000000000  -0.3121000000000
H32    -3.3801000000000  -3.6374000000000  -4.3438000000000
H33    -3.7948000000000  -2.3334000000000  -6.4128000000000
H34    -3.0698000000000   0.0404000000000  -6.5618000000000
H35    -1.9305000000000   1.1181000000000  -4.6432000000000
H36    -1.2353000000000  -3.9861000000000  -0.0109000000000
H37    -2.1157000000000  -2.7496000000000   0.8636000000000
H38     0.9084000000000  -2.7359000000000   0.2122000000000
H39     4.6248000000000   0.5134000000000  -0.1434000000000
H40     1.8952000000000   3.3528000000000  -0.5560000000000
H41     3.2148000000000   2.6942000000000  -1.4852000000000
H42     2.4174000000000   4.3294000000000   1.8070000000000
H43     3.9742000000000   5.8749000000000   2.9709000000000
H44     5.4476000000000   3.5203000000000  -1.1588000000000
&
