MAEFILE: SM18_micro016.mae
&gen
&
entry_name: SM18_micro016
&zmat
C1     -5.7159000000000   1.4254000000000  -1.7484000000000
C2     -7.0458000000000   1.0220000000000  -1.5192000000000
C3     -7.4111000000000   0.4614000000000  -0.2806000000000
C4     -6.4474000000000   0.3036000000000   0.7336000000000
C5     -5.1139000000000   0.7073000000000   0.5067000000000
C6     -4.7398000000000   1.2722000000000  -0.7420000000000
C7     -4.0555000000000   0.5560000000000   1.5653000000000
O8     -4.3031000000000   0.0793000000000   2.6719000000000
N9     -2.8274000000000   0.9794000000000   1.2091000000000
C10    -2.5485000000000   1.5243000000000  -0.0508000000000
N11    -3.4185000000000   1.6816000000000  -1.0023000000000
C12    -1.0874000000000   1.9082000000000  -0.1941000000000
C13    -0.1659000000000   0.6828000000000  -0.3574000000000
C14     1.3113000000000   1.0649000000000  -0.4882000000000
O15     1.7738000000000   1.9651000000000   0.2130000000000
N16     2.0202000000000   0.3579000000000  -1.3883000000000
C17     3.3995000000000   0.4699000000000  -1.7053000000000
N18     4.2528000000000   1.2893000000000  -1.0816000000000
C19     5.5477000000000   1.1852000000000  -1.5942000000000
C20     5.6704000000000   0.2760000000000  -2.6172000000000
S21     4.1432000000000  -0.4924000000000  -2.9727000000000
C22     6.9052000000000  -0.0666000000000  -3.3832000000000
C23     7.2096000000000   0.9662000000000  -4.4513000000000
C24     8.0768000000000   2.0432000000000  -4.1708000000000
C25     8.3502000000000   3.0075000000000  -5.1604000000000
C26     7.7577000000000   2.8988000000000  -6.4336000000000
F27     8.0209000000000   3.8275000000000  -7.3834000000000
C28     6.8911000000000   1.8246000000000  -6.7169000000000
F29     6.3190000000000   1.7186000000000  -7.9398000000000
C30     6.6175000000000   0.8602000000000  -5.7274000000000
H31    -2.0807000000000   0.8986000000000   1.8837000000000
H32    -5.4466000000000   1.8534000000000  -2.7031000000000
H33    -7.7869000000000   1.1430000000000  -2.2952000000000
H34    -8.4316000000000   0.1528000000000  -0.1078000000000
H35    -6.7394000000000  -0.1276000000000   1.6803000000000
H36    -0.7938000000000   2.4875000000000   0.6829000000000
H37    -0.9762000000000   2.5772000000000  -1.0491000000000
H38    -0.4733000000000   0.1080000000000  -1.2329000000000
H39    -0.2620000000000   0.0175000000000   0.5016000000000
H40     1.5110000000000  -0.3415000000000  -1.9086000000000
H41     6.3277000000000   1.8020000000000  -1.1727000000000
H42     6.7995000000000  -1.0466000000000  -3.8503000000000
H43     7.7533000000000  -0.1456000000000  -2.7020000000000
H44     8.5313000000000   2.1345000000000  -3.1952000000000
H45     9.0133000000000   3.8315000000000  -4.9420000000000
H46     5.9489000000000   0.0410000000000  -5.9485000000000
&
