MAEFILE: SM18_micro062.mae
&gen
molchg=-1
&
entry_name: SM18_micro062
&zmat
C1     -1.8403000000000  -6.7392000000000   0.1225000000000
C2     -2.0372000000000  -7.9400000000000  -0.5869000000000
C3     -2.2042000000000  -7.9160000000000  -1.9846000000000
C4     -2.1760000000000  -6.6905000000000  -2.6771000000000
C5     -1.9797000000000  -5.4853000000000  -1.9683000000000
C6     -1.8091000000000  -5.5045000000000  -0.5584000000000
C7     -1.9446000000000  -4.1558000000000  -2.6716000000000
O8     -2.0832000000000  -4.0607000000000  -3.8904000000000
N9     -1.7531000000000  -3.0914000000000  -1.8690000000000
C10    -1.5899000000000  -3.2027000000000  -0.4806000000000
N11    -1.6108000000000  -4.3222000000000   0.1784000000000
C12    -1.3944000000000  -1.8572000000000   0.2038000000000
C13    -0.4749000000000  -0.9257000000000  -0.5694000000000
C14    -0.8481000000000   0.3027000000000  -1.0841000000000
O15    -1.9507000000000   0.8952000000000  -1.0468000000000
N16     0.1479000000000   0.9901000000000  -1.7723000000000
C17     0.9835000000000   1.7721000000000  -1.1681000000000
N18     1.0179000000000   2.0250000000000   0.1975000000000
C19     2.0036000000000   2.8918000000000   0.6029000000000
C20     2.7871000000000   3.3738000000000  -0.3629000000000
S21     2.3255000000000   2.7398000000000  -1.9419000000000
C22     3.9422000000000   4.3440000000000  -0.1765000000000
C23     4.6436000000000   4.7791000000000  -1.4517000000000
C24     4.1982000000000   5.9213000000000  -2.1503000000000
C25     4.8465000000000   6.3239000000000  -3.3341000000000
C26     5.9424000000000   5.5870000000000  -3.8238000000000
F27     6.5642000000000   5.9759000000000  -4.9622000000000
C28     6.3905000000000   4.4465000000000  -3.1286000000000
F29     7.4436000000000   3.7360000000000  -3.5980000000000
C30     5.7428000000000   4.0439000000000  -1.9441000000000
H31    -1.7149000000000  -2.1731000000000  -2.2879000000000
H32     0.3881000000000   1.6143000000000   0.8716000000000
H33    -1.7128000000000  -6.7688000000000   1.1949000000000
H34    -2.0599000000000  -8.8809000000000  -0.0572000000000
H35    -2.3542000000000  -8.8383000000000  -2.5260000000000
H36    -2.3057000000000  -6.6838000000000  -3.7496000000000
H37    -0.9572000000000  -2.0131000000000   1.1907000000000
H38    -2.3690000000000  -1.3949000000000   0.3628000000000
H39     0.5356000000000  -1.2842000000000  -0.7089000000000
H40     2.0635000000000   3.1109000000000   1.6586000000000
H41     4.6719000000000   3.8845000000000   0.4912000000000
H42     3.5695000000000   5.2275000000000   0.3432000000000
H43     3.3558000000000   6.4883000000000  -1.7817000000000
H44     4.5022000000000   7.1979000000000  -3.8669000000000
H45     6.0880000000000   3.1665000000000  -1.4170000000000
&
