MAEFILE: SM18_micro069.mae
&gen
&
entry_name: SM18_micro069
&zmat
C1     -5.0243000000000   2.5254000000000  -1.2228000000000
C2     -6.4238000000000   2.3718000000000  -1.1945000000000
C3     -7.0079000000000   1.3717000000000  -0.3938000000000
C4     -6.1946000000000   0.5216000000000   0.3804000000000
C5     -4.7898000000000   0.6710000000000   0.3557000000000
C6     -4.2020000000000   1.6797000000000  -0.4506000000000
C7     -3.8845000000000  -0.2225000000000   1.1710000000000
O8     -4.3789000000000  -1.1017000000000   1.8756000000000
N9     -2.5531000000000   0.0477000000000   1.0349000000000
C10    -2.0826000000000   1.0606000000000   0.2218000000000
N11    -2.8084000000000   1.8415000000000  -0.4871000000000
C12    -0.5758000000000   1.2347000000000   0.1712000000000
C13     0.0796000000000   0.2658000000000  -0.8328000000000
C14     1.5989000000000   0.4263000000000  -0.9431000000000
O15     2.2193000000000   1.1031000000000  -0.1223000000000
N16     2.1670000000000  -0.2171000000000  -1.9773000000000
C17     3.5413000000000  -0.2476000000000  -2.3237000000000
N18     3.9280000000000  -0.9352000000000  -3.4050000000000
C19     5.2969000000000  -0.8928000000000  -3.6413000000000
C20     5.9750000000000  -0.1484000000000  -2.7072000000000
S21     4.8853000000000   0.5114000000000  -1.5155000000000
C22     7.4446000000000   0.1081000000000  -2.6377000000000
C23     8.1668000000000  -0.9590000000000  -1.8380000000000
C24     8.7081000000000  -2.0882000000000  -2.4882000000000
C25     9.3732000000000  -3.0818000000000  -1.7436000000000
C26     9.4983000000000  -2.9514000000000  -0.3468000000000
F27    10.1369000000000  -3.9088000000000   0.3670000000000
C28     8.9583000000000  -1.8257000000000   0.3058000000000
F29     9.0756000000000  -1.6985000000000   1.6490000000000
C30     8.2942000000000  -0.8311000000000  -0.4386000000000
H31     3.2816000000000  -1.4420000000000  -3.9970000000000
H32    -4.5830000000000   3.2945000000000  -1.8398000000000
H33    -7.0495000000000   3.0219000000000  -1.7880000000000
H34    -8.0813000000000   1.2557000000000  -0.3733000000000
H35    -6.6572000000000  -0.2411000000000   0.9899000000000
H36    -0.1675000000000   1.0779000000000   1.1714000000000
H37    -0.3416000000000   2.2672000000000  -0.0944000000000
H38    -0.3574000000000   0.4124000000000  -1.8221000000000
H39    -0.1327000000000  -0.7654000000000  -0.5466000000000
H40     1.5460000000000  -0.7379000000000  -2.5794000000000
H41     5.6870000000000  -1.4272000000000  -4.4957000000000
H42     7.6340000000000   1.0844000000000  -2.1899000000000
H43     7.8626000000000   0.1508000000000  -3.6442000000000
H44     8.6141000000000  -2.1973000000000  -3.5587000000000
H45     9.7867000000000  -3.9450000000000  -2.2443000000000
H46     7.8808000000000   0.0287000000000   0.0682000000000
&
