MAEFILE: SM18_micro050.mae
&gen
&
entry_name: SM18_micro050
&zmat
C1     -2.7245000000000  -5.4176000000000  -2.0898000000000
C2     -2.8568000000000  -6.8128000000000  -1.9490000000000
C3     -3.1116000000000  -7.3745000000000  -0.6835000000000
C4     -3.2347000000000  -6.5425000000000   0.4455000000000
C5     -3.1019000000000  -5.1438000000000   0.3073000000000
C6     -2.8454000000000  -4.5720000000000  -0.9676000000000
C7     -3.2261000000000  -4.2211000000000   1.4891000000000
O8     -3.4447000000000  -4.6412000000000   2.6243000000000
N9     -3.0809000000000  -2.9114000000000   1.2091000000000
C10    -2.8286000000000  -2.4353000000000  -0.0844000000000
N11    -2.7089000000000  -3.1821000000000  -1.1405000000000
C12    -2.6994000000000  -0.9236000000000  -0.1278000000000
C13    -1.4341000000000  -0.4535000000000   0.5708000000000
C14    -0.4063000000000   0.1879000000000  -0.0116000000000
O15    -0.3851000000000   0.4791000000000  -1.3203000000000
N16     0.7395000000000   0.5950000000000   0.6687000000000
C17     1.7719000000000   1.4456000000000   0.2595000000000
N18     1.8390000000000   2.1625000000000  -0.8671000000000
C19     3.0121000000000   2.9140000000000  -0.9551000000000
C20     3.8463000000000   2.7685000000000   0.1252000000000
S21     3.1730000000000   1.6660000000000   1.2991000000000
C22     5.1686000000000   3.4262000000000   0.3485000000000
C23     5.1130000000000   4.4657000000000   1.4525000000000
C24     4.5232000000000   5.7241000000000   1.2093000000000
C25     4.4668000000000   6.6889000000000   2.2340000000000
C26     5.0001000000000   6.3997000000000   3.5051000000000
F27     4.9448000000000   7.3289000000000   4.4888000000000
C28     5.5897000000000   5.1441000000000   3.7516000000000
F29     6.1024000000000   4.8632000000000   4.9731000000000
C30     5.6460000000000   4.1790000000000   2.7272000000000
H31    -3.1559000000000  -2.2501000000000   1.9681000000000
H32    -2.5292000000000  -4.9973000000000  -3.0657000000000
H33    -2.7629000000000  -7.4528000000000  -2.8137000000000
H34    -3.2130000000000  -8.4447000000000  -0.5784000000000
H35    -3.4307000000000  -6.9852000000000   1.4113000000000
H36    -3.5584000000000  -0.4710000000000   0.3688000000000
H37    -2.7286000000000  -0.5838000000000  -1.1637000000000
H38    -1.3788000000000  -0.6643000000000   1.6294000000000
H39    -1.1911000000000   0.1599000000000  -1.6962000000000
H40     0.8311000000000   0.2542000000000   1.6147000000000
H41     3.1728000000000   3.5316000000000  -1.8263000000000
H42     5.5067000000000   3.9076000000000  -0.5701000000000
H43     5.9189000000000   2.6722000000000   0.5893000000000
H44     4.1102000000000   5.9505000000000   0.2371000000000
H45     4.0136000000000   7.6510000000000   2.0450000000000
H46     6.0969000000000   3.2173000000000   2.9239000000000
&
