MAEFILE: SM18_micro076.mae
&gen
molchg=2
&
entry_name: SM18_micro076
&zmat
C1      2.4320000000000   4.9985000000000  -2.1255000000000
C2      2.8354000000000   5.7639000000000  -3.2368000000000
C3      2.2305000000000   5.5598000000000  -4.4933000000000
C4      1.2188000000000   4.5901000000000  -4.6471000000000
C5      0.8074000000000   3.8179000000000  -3.5375000000000
C6      1.4213000000000   4.0313000000000  -2.2823000000000
C7     -0.2779000000000   2.7603000000000  -3.6482000000000
O8     -0.8208000000000   2.5848000000000  -4.7381000000000
N9     -0.6223000000000   2.0200000000000  -2.5068000000000
C10    -0.0054000000000   2.2801000000000  -1.3908000000000
N11     0.9806000000000   3.2421000000000  -1.2231000000000
C12    -0.3327000000000   1.4938000000000  -0.1283000000000
C13     0.3455000000000   0.1073000000000  -0.0276000000000
C14     1.8729000000000   0.1453000000000   0.1222000000000
O15     2.5718000000000   0.5135000000000  -0.8216000000000
N16     2.3565000000000  -0.2650000000000   1.3081000000000
C17     3.7144000000000  -0.3330000000000   1.7095000000000
N18     4.0099000000000  -0.7700000000000   2.9396000000000
C19     5.3713000000000  -0.7962000000000   3.2176000000000
C20     6.1378000000000  -0.3629000000000   2.1634000000000
S21     5.1422000000000   0.0860000000000   0.8031000000000
C22     7.6259000000000  -0.2515000000000   2.1040000000000
C23     8.1305000000000   0.9829000000000   2.8269000000000
C24     8.6118000000000   0.8859000000000   4.1499000000000
C25     9.0740000000000   2.0353000000000   4.8204000000000
C26     9.0558000000000   3.2854000000000   4.1717000000000
F27     9.4987000000000   4.3895000000000   4.8188000000000
C28     8.5756000000000   3.3859000000000   2.8511000000000
F29     8.5548000000000   4.5870000000000   2.2260000000000
C30     8.1145000000000   2.2367000000000   2.1799000000000
H31    -1.7631000000000   2.9526000000000  -4.7077000000000
H32     1.4287000000000   3.4052000000000  -0.3327000000000
H33     3.3057000000000  -1.0563000000000   3.6083000000000
H34     2.8972000000000   5.1559000000000  -1.1633000000000
H35     3.6100000000000   6.5087000000000  -3.1263000000000
H36     2.5444000000000   6.1494000000000  -5.3422000000000
H37     0.7691000000000   4.4502000000000  -5.6193000000000
H38    -1.4143000000000   1.3586000000000  -0.0818000000000
H39    -0.0795000000000   2.0901000000000   0.7501000000000
H40     0.1024000000000  -0.4875000000000  -0.9094000000000
H41    -0.0830000000000  -0.4324000000000   0.8184000000000
H42     1.6779000000000  -0.5561000000000   1.9967000000000
H43     5.6896000000000  -1.1362000000000   4.1928000000000
H44     7.9600000000000  -0.2184000000000   1.0662000000000
H45     8.0805000000000  -1.1421000000000   2.5397000000000
H46     8.6274000000000  -0.0687000000000   4.6555000000000
H47     9.4415000000000   1.9581000000000   5.8331000000000
H48     7.7460000000000   2.3202000000000   1.1679000000000
&
