MAEFILE: SM18_micro013.mae
&gen
&
entry_name: SM18_micro013
&zmat
C1     -5.3032000000000   1.5641000000000  -2.1089000000000
C2     -6.6611000000000   1.8030000000000  -1.8207000000000
C3     -7.0851000000000   1.9511000000000  -0.4862000000000
C4     -6.1520000000000   1.8609000000000   0.5642000000000
C5     -4.7904000000000   1.6214000000000   0.2778000000000
C6     -4.3576000000000   1.4710000000000  -1.0667000000000
C7     -3.7630000000000   1.5186000000000   1.3718000000000
O8     -4.0611000000000   1.6338000000000   2.5595000000000
N9     -2.5032000000000   1.2930000000000   0.9523000000000
C10    -2.1658000000000   1.1553000000000  -0.4004000000000
N11    -3.0080000000000   1.2315000000000  -1.3864000000000
C12    -0.6812000000000   0.9026000000000  -0.6030000000000
C13    -0.1685000000000  -0.3683000000000   0.1044000000000
C14     1.3234000000000  -0.5887000000000  -0.1511000000000
O15     1.6597000000000  -1.3459000000000  -1.0651000000000
N16     2.1169000000000   0.1403000000000   0.7268000000000
C17     3.3910000000000   0.1293000000000   0.6319000000000
N18     4.2666000000000  -0.5452000000000  -0.2911000000000
C19     5.4914000000000  -0.2957000000000  -0.0788000000000
C20     5.8762000000000   0.6402000000000   1.0492000000000
S21     4.3159000000000   1.1007000000000   1.8094000000000
C22     6.6364000000000   1.8879000000000   0.5586000000000
C23     8.0510000000000   1.5871000000000   0.0928000000000
C24     8.3407000000000   1.5025000000000  -1.2855000000000
C25     9.6511000000000   1.2198000000000  -1.7171000000000
C26    10.6774000000000   1.0238000000000  -0.7729000000000
F27    11.9368000000000   0.7525000000000  -1.1901000000000
C28    10.3925000000000   1.1096000000000   0.6042000000000
F29    11.3778000000000   0.9216000000000   1.5139000000000
C30     9.0815000000000   1.3909000000000   1.0363000000000
H31    -1.7757000000000   1.2168000000000   1.6481000000000
H32    -4.9890000000000   1.4521000000000  -3.1366000000000
H33    -7.3783000000000   1.8725000000000  -2.6251000000000
H34    -8.1268000000000   2.1343000000000  -0.2678000000000
H35    -6.4885000000000   1.9764000000000   1.5844000000000
H36    -0.1322000000000   1.7769000000000  -0.2499000000000
H37    -0.4786000000000   0.8323000000000  -1.6731000000000
H38    -0.7189000000000  -1.2410000000000  -0.2506000000000
H39    -0.3395000000000  -0.3149000000000   1.1809000000000
H40     6.3047000000000  -0.7234000000000  -0.6707000000000
H41     6.4656000000000   0.0943000000000   1.7867000000000
H42     6.7048000000000   2.6124000000000   1.3713000000000
H43     6.0824000000000   2.3866000000000  -0.2386000000000
H44     7.5582000000000   1.6500000000000  -2.0156000000000
H45     9.8682000000000   1.1527000000000  -2.7730000000000
H46     8.8684000000000   1.4544000000000   2.0934000000000
&
