MAEFILE: SM18_micro059.mae
&gen
molchg=1
&
entry_name: SM18_micro059
&zmat
C1     -4.8648000000000   1.6966000000000  -2.5743000000000
C2     -6.2688000000000   1.6427000000000  -2.6713000000000
C3     -7.0486000000000   1.4156000000000  -1.5213000000000
C4     -6.4265000000000   1.2417000000000  -0.2702000000000
C5     -5.0192000000000   1.2957000000000  -0.1701000000000
C6     -4.2284000000000   1.5243000000000  -1.3277000000000
C7     -4.3163000000000   1.1167000000000   1.1478000000000
O8     -4.9322000000000   0.9136000000000   2.1929000000000
N9     -2.9725000000000   1.1965000000000   1.0939000000000
C10    -2.2728000000000   1.4252000000000  -0.0982000000000
N11    -2.8242000000000   1.5846000000000  -1.2634000000000
C12    -0.7693000000000   1.4685000000000   0.1116000000000
C13    -0.1843000000000   0.1476000000000   0.6492000000000
C14     1.3362000000000   0.2358000000000   0.7951000000000
O15     1.7973000000000   0.7625000000000   1.8103000000000
N16     1.9990000000000  -0.3104000000000  -0.2950000000000
C17     3.2825000000000  -0.1725000000000  -0.4189000000000
N18     3.9547000000000  -0.7405000000000  -1.4901000000000
C19     5.3101000000000  -0.5141000000000  -1.5281000000000
C20     5.8076000000000   0.2206000000000  -0.5337000000000
S21     4.5464000000000   0.7076000000000   0.5937000000000
C22     7.2638000000000   0.6171000000000  -0.3528000000000
C23     7.5468000000000   1.5305000000000   0.8273000000000
C24     7.4696000000000   2.9309000000000   0.6726000000000
C25     7.7233000000000   3.7786000000000   1.7684000000000
C26     8.0563000000000   3.2299000000000   3.0221000000000
F27     8.2991000000000   4.0466000000000   4.0748000000000
C28     8.1361000000000   1.8321000000000   3.1797000000000
F29     8.4547000000000   1.3024000000000   4.3847000000000
C30     7.8826000000000   0.9839000000000   2.0840000000000
H31     3.5159000000000  -1.2868000000000  -2.2174000000000
H32    -4.2757000000000   1.8715000000000  -3.4629000000000
H33    -6.7482000000000   1.7756000000000  -3.6299000000000
H34    -8.1251000000000   1.3744000000000  -1.5988000000000
H35    -7.0353000000000   1.0678000000000   0.6053000000000
H36    -0.5391000000000   2.2844000000000   0.7986000000000
H37    -0.2893000000000   1.7268000000000  -0.8342000000000
H38    -0.4485000000000  -0.6800000000000  -0.0121000000000
H39    -0.6078000000000  -0.0927000000000   1.6255000000000
H40     5.8577000000000  -0.9414000000000  -2.3551000000000
H41     7.6050000000000   1.1037000000000  -1.2674000000000
H42     7.8582000000000  -0.2916000000000  -0.2513000000000
H43     7.2101000000000   3.3580000000000  -0.2850000000000
H44     7.6603000000000   4.8499000000000   1.6470000000000
H45     7.9411000000000  -0.0871000000000   2.2117000000000
H46    -2.2867090000000   1.7464820000000  -2.1030420000000
H47     2.8962560000000   0.7483710000000   1.7645070000000
&
