MAEFILE: SM18_micro056.mae
&gen
molchg=1
&
entry_name: SM18_micro056
&zmat
C1     -5.2678000000000   1.9101000000000  -1.9952000000000
C2     -6.6577000000000   1.7284000000000  -1.8593000000000
C3     -7.1892000000000   1.2079000000000  -0.6640000000000
C4     -6.3319000000000   0.8675000000000   0.3996000000000
C5     -4.9382000000000   1.0490000000000   0.2663000000000
C6     -4.3972000000000   1.5737000000000  -0.9380000000000
C7     -3.9892000000000   0.7000000000000   1.3806000000000
O8     -4.3814000000000   0.2388000000000   2.4513000000000
N9     -2.6883000000000   0.9302000000000   1.1161000000000
C10    -2.2444000000000   1.4540000000000  -0.1050000000000
N11    -3.0134000000000   1.7685000000000  -1.1033000000000
C12    -0.7355000000000   1.6091000000000  -0.1481000000000
C13    -0.0028000000000   0.2668000000000  -0.3449000000000
C14     1.5166000000000   0.4390000000000  -0.4339000000000
O15     2.0921000000000   1.1894000000000   0.3540000000000
N16     2.1350000000000  -0.2729000000000  -1.3926000000000
C17     3.5171000000000  -0.2712000000000  -1.7094000000000
N18     3.9570000000000  -1.0299000000000  -2.7206000000000
C19     5.3248000000000  -0.9324000000000  -2.9457000000000
C20     5.9484000000000  -0.0716000000000  -2.0752000000000
S21     4.8074000000000   0.6240000000000  -0.9543000000000
C22     7.3988000000000   0.2857000000000  -2.0232000000000
C23     8.2826000000000  -0.9252000000000  -1.7894000000000
C24     8.9686000000000  -1.5241000000000  -2.8673000000000
C25     9.7870000000000  -2.6490000000000  -2.6471000000000
C26     9.9220000000000  -3.1803000000000  -1.3497000000000
F27    10.7090000000000  -4.2624000000000  -1.1407000000000
C28     9.2378000000000  -2.5855000000000  -0.2713000000000
F29     9.3648000000000  -3.0949000000000   0.9769000000000
C30     8.4201000000000  -1.4596000000000  -0.4908000000000
H31    -2.0115000000000   0.7161000000000   1.8339000000000
H32     3.3487000000000  -1.6202000000000  -3.2743000000000
H33    -4.8712000000000   2.3113000000000  -2.9167000000000
H34    -7.3175000000000   1.9896000000000  -2.6734000000000
H35    -8.2556000000000   1.0702000000000  -0.5625000000000
H36    -6.7515000000000   0.4698000000000   1.3123000000000
H37    -0.4074000000000   2.0834000000000   0.7785000000000
H38    -0.4734000000000   2.3017000000000  -0.9498000000000
H39    -0.3688000000000  -0.2221000000000  -1.2497000000000
H40    -0.2193000000000  -0.4088000000000   0.4838000000000
H41     1.5502000000000  -0.8627000000000  -1.9667000000000
H42     5.7554000000000  -1.5150000000000  -3.7478000000000
H43     7.5808000000000   1.0115000000000  -1.2295000000000
H44     7.6884000000000   0.7762000000000  -2.9531000000000
H45     8.8697000000000  -1.1240000000000  -3.8658000000000
H46    10.3110000000000  -3.1051000000000  -3.4741000000000
H47     7.8979000000000  -1.0075000000000   0.3397000000000
&
