MAEFILE: SM18_micro055.mae
&gen
molchg=1
&
entry_name: SM18_micro055
&zmat
C1     -3.7598010000000  -2.9637350000000  -3.6142790000000
C2     -4.2071480000000  -2.9037730000000  -4.9378760000000
C3     -3.7891760000000  -1.8677820000000  -5.7735990000000
C4     -2.9226370000000  -0.8891560000000  -5.2880330000000
C5     -2.4805630000000  -0.9586100000000  -3.9622900000000
C6     -2.8915530000000  -1.9911050000000  -3.1123680000000
C7     -1.5636580000000   0.0550040000000  -3.4062710000000
O8     -1.1610640000000   1.0049640000000  -4.0725660000000
N9     -1.1981070000000  -0.1382500000000  -2.0962530000000
C10    -1.6607140000000  -1.1749660000000  -1.3299950000000
N11    -2.4647770000000  -2.0868940000000  -1.7757530000000
C12    -1.1501140000000  -1.2324230000000   0.0889070000000
C13     0.2050530000000  -1.9288990000000   0.1338400000000
C14     0.7133000000000  -2.0100960000000   1.5479720000000
O15     0.0554070000000  -2.9345650000000   2.2745080000000
N16     1.6493820000000  -1.3520570000000   2.1466130000000
C17     2.3222760000000  -0.4161820000000   1.4446250000000
N18     3.5346270000000  -0.5914740000000   0.9772150000000
C19     4.0822390000000   0.4888100000000   0.3268760000000
C20     3.2404520000000   1.5807290000000   0.3211250000000
S21     1.7860780000000   1.1883790000000   1.1591690000000
C22     3.4553290000000   2.9371030000000  -0.2750740000000
C23     4.1529320000000   3.8855000000000   0.6761090000000
C24     3.4063740000000   4.6840550000000   1.5608310000000
C25     4.0472940000000   5.5483810000000   2.4531630000000
C26     5.4358910000000   5.6143090000000   2.4663030000000
F27     6.0506310000000   6.4435420000000   3.3226200000000
C28     6.1844940000000   4.8262490000000   1.6000100000000
F29     7.5240260000000   4.8932610000000   1.6192160000000
C30     5.5548870000000   3.9614740000000   0.7075560000000
H31    -0.5835250000000   0.5583620000000  -1.6922370000000
H32    -4.0927560000000  -3.7764050000000  -2.9718900000000
H33    -4.8836950000000  -3.6683010000000  -5.3162600000000
H34    -4.1393230000000  -1.8238590000000  -6.8034840000000
H35    -2.5981110000000  -0.0825460000000  -5.9412680000000
H36    -1.8821890000000  -1.7650610000000   0.7074970000000
H37    -1.0738020000000  -0.2147370000000   0.4880160000000
H38     0.9288550000000  -1.4253510000000  -0.5141210000000
H39     5.0726600000000   0.4293000000000  -0.1048640000000
H40     2.5018540000000   3.3767260000000  -0.5959210000000
H41     4.0508170000000   2.8441120000000  -1.1929890000000
H42     2.3175920000000   4.6383400000000   1.5596200000000
H43     3.4690700000000   6.1658520000000   3.1344080000000
H44     6.1648160000000   3.3561070000000   0.0418150000000
H45     0.1182860000000  -2.9514460000000  -0.2550730000000
H46     0.4280460000000  -2.9420390000000   3.1792760000000
H47     3.9535860000000  -1.4993280000000   1.1444460000000
&
