MAEFILE: SM18_micro045.mae
&gen
molchg=-2
&
entry_name: SM18_micro045
&zmat
C1     -3.7975000000000  -0.1887000000000   4.2765000000000
C2     -4.2345000000000  -0.4433000000000   5.5907000000000
C3     -4.1477000000000  -1.7438000000000   6.1237000000000
C4     -3.6239000000000  -2.7932000000000   5.3439000000000
C5     -3.1843000000000  -2.5434000000000   4.0246000000000
C6     -3.2719000000000  -1.2330000000000   3.4888000000000
C7     -2.6164000000000  -3.6427000000000   3.1574000000000
O8     -2.5329000000000  -4.7845000000000   3.6091000000000
N9     -2.2424000000000  -3.2407000000000   1.9080000000000
C10    -2.3595000000000  -1.9294000000000   1.4850000000000
N11    -2.8363000000000  -0.9663000000000   2.1821000000000
C12    -1.8738000000000  -1.6241000000000   0.0788000000000
C13    -0.4326000000000  -1.1485000000000   0.0938000000000
C14    -0.0107000000000   0.0902000000000  -0.3459000000000
O15    -0.6058000000000   1.0739000000000  -0.8425000000000
N16     1.3756000000000   0.2257000000000  -0.2037000000000
C17     2.1602000000000   1.3855000000000  -0.2099000000000
N18     1.7528000000000   2.6532000000000  -0.3388000000000
C19     2.8087000000000   3.5642000000000  -0.2844000000000
C20     4.0377000000000   2.9786000000000  -0.1080000000000
S21     3.9015000000000   1.2422000000000  -0.0077000000000
C22     5.3622000000000   3.6581000000000   0.0029000000000
C23     5.6634000000000   4.0777000000000   1.4290000000000
C24     6.3475000000000   3.2010000000000   2.2974000000000
C25     6.6198000000000   3.5891000000000   3.6237000000000
C26     6.2077000000000   4.8534000000000   4.0874000000000
F27     6.4688000000000   5.2235000000000   5.3636000000000
C28     5.5231000000000   5.7309000000000   3.2235000000000
F29     5.1241000000000   6.9465000000000   3.6674000000000
C30     5.2519000000000   5.3436000000000   1.8966000000000
H31    -3.8649000000000   0.8113000000000   3.8734000000000
H32    -4.6354000000000   0.3607000000000   6.1900000000000
H33    -4.4828000000000  -1.9371000000000   7.1319000000000
H34    -3.5623000000000  -3.7854000000000   5.7664000000000
H35    -2.5183000000000  -0.8707000000000  -0.3767000000000
H36    -1.9452000000000  -2.5153000000000  -0.5461000000000
H37     0.2790000000000  -1.8611000000000   0.4879000000000
H38     1.9315000000000  -0.5857000000000   0.0229000000000
H39     2.5945000000000   4.6186000000000  -0.3748000000000
H40     5.3846000000000   4.5360000000000  -0.6439000000000
H41     6.1529000000000   2.9980000000000  -0.3557000000000
H42     6.6614000000000   2.2277000000000   1.9495000000000
H43     7.1437000000000   2.9157000000000   4.2860000000000
H44     4.7236000000000   6.0186000000000   1.2393000000000
&
