MAEFILE: SM18_micro009.mae
&gen
&
entry_name: SM18_micro009
&zmat
C1     -4.8938000000000   0.6196000000000  -2.4019000000000
C2     -6.3014000000000   0.6713000000000  -2.3960000000000
C3     -6.9806000000000   1.3285000000000  -1.3501000000000
C4     -6.2576000000000   1.9380000000000  -0.3045000000000
C5     -4.8456000000000   1.8906000000000  -0.3020000000000
C6     -4.1751000000000   1.2288000000000  -1.3557000000000
C7     -4.0194000000000   2.5296000000000   0.8014000000000
O8     -4.6051000000000   3.1089000000000   1.7153000000000
N9     -2.6206000000000   2.4367000000000   0.7418000000000
C10    -2.0840000000000   1.8089000000000  -0.2641000000000
N11    -2.7835000000000   1.2106000000000  -1.3033000000000
C12    -0.5747000000000   1.6753000000000  -0.3749000000000
C13    -0.0893000000000   0.2123000000000  -0.3582000000000
C14     1.4320000000000   0.1229000000000  -0.4929000000000
O15     1.9063000000000  -0.0601000000000  -1.6157000000000
N16     2.0706000000000   0.2708000000000   0.7329000000000
C17     3.3435000000000   0.3089000000000   0.8733000000000
N18     3.9770000000000   0.4479000000000   2.1545000000000
C19     5.2436000000000   0.4736000000000   2.0925000000000
C20     5.9305000000000   0.3599000000000   0.7481000000000
S21     4.5872000000000   0.2131000000000  -0.4311000000000
C22     6.8774000000000  -0.8525000000000   0.6612000000000
C23     8.2153000000000  -0.6090000000000   1.3378000000000
C24     8.4648000000000  -1.1244000000000   2.6273000000000
C25     9.7053000000000  -0.8940000000000   3.2534000000000
C26    10.7017000000000  -0.1498000000000   2.5921000000000
F27    11.8941000000000   0.0698000000000   3.1955000000000
C28    10.4567000000000   0.3652000000000   1.3039000000000
F29    11.4131000000000   1.0809000000000   0.6655000000000
C30     9.2157000000000   0.1362000000000   0.6784000000000
H31    -2.3153000000000   0.7335000000000  -2.0601000000000
H32    -4.3743000000000   0.1156000000000  -3.2038000000000
H33    -6.8610000000000   0.2064000000000  -3.1943000000000
H34    -8.0599000000000   1.3654000000000  -1.3492000000000
H35    -6.7955000000000   2.4370000000000   0.4885000000000
H36    -0.1071000000000   2.2281000000000   0.4421000000000
H37    -0.2510000000000   2.1651000000000  -1.2946000000000
H38    -0.5401000000000  -0.3518000000000  -1.1761000000000
H39    -0.4042000000000  -0.2805000000000   0.5635000000000
H40     5.8867000000000   0.5763000000000   2.9705000000000
H41     6.4636000000000   1.2860000000000   0.5308000000000
H42     7.0822000000000  -1.0762000000000  -0.3867000000000
H43     6.4051000000000  -1.7484000000000   1.0682000000000
H44     7.7050000000000  -1.6951000000000   3.1413000000000
H45     9.8926000000000  -1.2885000000000   4.2411000000000
H46     9.0328000000000   0.5351000000000  -0.3089000000000
&
