MAEFILE: SM18_micro038.mae
&gen
&
entry_name: SM18_micro038
&zmat
C1     -4.4914000000000   0.5590000000000  -2.2571000000000
C2     -5.8678000000000   0.8106000000000  -2.4156000000000
C3     -6.5730000000000   1.5242000000000  -1.4277000000000
C4     -5.9040000000000   1.9897000000000  -0.2791000000000
C5     -4.5230000000000   1.7402000000000  -0.1149000000000
C6     -3.8134000000000   1.0196000000000  -1.1099000000000
C7     -3.7704000000000   2.2241000000000   1.1028000000000
O8     -4.3719000000000   2.8470000000000   1.9767000000000
N9     -2.4424000000000   1.9077000000000   1.1082000000000
C10    -1.8489000000000   1.1912000000000   0.0882000000000
N11    -2.4427000000000   0.7592000000000  -0.9604000000000
C12    -0.3719000000000   0.8889000000000   0.2523000000000
C13    -0.1360000000000  -0.3362000000000   1.1542000000000
C14     1.3441000000000  -0.6899000000000   1.2497000000000
O15     2.0348000000000  -0.6529000000000   2.2684000000000
N16     1.9657000000000  -1.2509000000000  -0.0675000000000
C17     3.1715000000000  -0.9880000000000  -0.4635000000000
N18     4.0458000000000  -0.2056000000000   0.2032000000000
C19     5.1618000000000  -0.1045000000000  -0.3952000000000
C20     5.3685000000000  -0.8373000000000  -1.7083000000000
S21     3.7971000000000  -1.6543000000000  -1.9928000000000
C22     6.5202000000000  -1.8593000000000  -1.6504000000000
C23     7.8945000000000  -1.2136000000000  -1.6902000000000
C24     8.6558000000000  -1.0899000000000  -0.5084000000000
C25     9.9300000000000  -0.4909000000000  -0.5472000000000
C26    10.4487000000000  -0.0146000000000  -1.7669000000000
F27    11.6743000000000   0.5606000000000  -1.8016000000000
C28     9.6919000000000  -0.1369000000000  -2.9489000000000
F29    10.1881000000000   0.3206000000000  -4.1230000000000
C30     8.4175000000000  -0.7359000000000  -2.9105000000000
H31     1.3570000000000  -1.7778000000000  -0.6847000000000
H32    -3.9570000000000   0.0103000000000  -3.0188000000000
H33    -6.3829000000000   0.4553000000000  -3.2959000000000
H34    -7.6286000000000   1.7158000000000  -1.5511000000000
H35    -6.4583000000000   2.5365000000000   0.4698000000000
H36     0.1290000000000   1.7642000000000   0.6702000000000
H37     0.0705000000000   0.7308000000000  -0.7331000000000
H38    -0.6738000000000  -1.2036000000000   0.7687000000000
H39    -0.5194000000000  -0.1484000000000   2.1583000000000
H40     5.9987000000000   0.4886000000000  -0.0173000000000
H41     5.5267000000000  -0.1154000000000  -2.5102000000000
H42     6.4520000000000  -2.5297000000000  -2.5083000000000
H43     6.4307000000000  -2.4960000000000  -0.7684000000000
H44     8.2652000000000  -1.4516000000000   0.4316000000000
H45    10.5097000000000  -0.3970000000000   0.3594000000000
H46     7.8422000000000  -0.8272000000000  -3.8204000000000
&
