MAEFILE: SM18_micro025.mae
&gen
&
entry_name: SM18_micro025
&zmat
C1     -4.6907000000000   2.0772000000000   2.2965000000000
C2     -6.0982000000000   2.0576000000000   2.3443000000000
C3     -6.8413000000000   1.7631000000000   1.1833000000000
C4     -6.1826000000000   1.4864000000000  -0.0320000000000
C5     -4.7710000000000   1.5039000000000  -0.0892000000000
C6     -4.0360000000000   1.8005000000000   1.0812000000000
C7     -4.0128000000000   1.2129000000000  -1.3731000000000
O8     -4.6543000000000   0.9578000000000  -2.3916000000000
N9     -2.6103000000000   1.2438000000000  -1.3538000000000
C10    -2.0119000000000   1.5256000000000  -0.2331000000000
N11    -2.6476000000000   1.8034000000000   0.9693000000000
C12    -0.4950000000000   1.5632000000000  -0.1586000000000
C13     0.0929000000000   0.5247000000000   0.8173000000000
C14     1.6226000000000   0.5552000000000   0.8188000000000
O15     2.1992000000000   1.1985000000000   1.6996000000000
N16     2.1598000000000  -0.1818000000000  -0.2313000000000
C17     3.4423000000000  -0.2484000000000  -0.4282000000000
N18     4.4683000000000   0.3490000000000   0.3027000000000
C19     5.7390000000000   0.1052000000000  -0.1591000000000
C20     5.8168000000000  -0.6666000000000  -1.2422000000000
S21     4.2315000000000  -1.1886000000000  -1.7857000000000
C22     7.0717000000000  -1.1087000000000  -1.9651000000000
C23     7.7081000000000   0.0025000000000  -2.7783000000000
C24     8.8971000000000   0.6195000000000  -2.3354000000000
C25     9.4800000000000   1.6553000000000  -3.0914000000000
C26     8.8770000000000   2.0781000000000  -4.2922000000000
F27     9.4392000000000   3.0744000000000  -5.0168000000000
C28     7.6898000000000   1.4641000000000  -4.7373000000000
F29     7.1068000000000   1.8698000000000  -5.8903000000000
C30     7.1069000000000   0.4281000000000  -3.9817000000000
H31    -2.1333000000000   2.0148000000000   1.8120000000000
H32     4.3302000000000   0.9310000000000   1.1168000000000
H33    -4.1221000000000   2.3029000000000   3.1868000000000
H34    -6.6093000000000   2.2686000000000   3.2721000000000
H35    -7.9205000000000   1.7494000000000   1.2247000000000
H36    -6.7687000000000   1.2627000000000  -0.9115000000000
H37    -0.1871000000000   2.5674000000000   0.1373000000000
H38    -0.0862000000000   1.4047000000000  -1.1584000000000
H39    -0.2471000000000  -0.4782000000000   0.5526000000000
H40    -0.2604000000000   0.7098000000000   1.8329000000000
H41     6.5588000000000   0.5539000000000   0.3824000000000
H42     6.8339000000000  -1.9419000000000  -2.6274000000000
H43     7.7843000000000  -1.4908000000000  -1.2332000000000
H44     9.3647000000000   0.3034000000000  -1.4144000000000
H45    10.3892000000000   2.1267000000000  -2.7489000000000
H46     6.1951000000000  -0.0378000000000  -4.3260000000000
&
