MAEFILE: SM18_micro053.mae
&gen
molchg=1
&
entry_name: SM18_micro053
&zmat
C1     -5.0206000000000   1.5372000000000   2.2737000000000
C2     -6.4234000000000   1.5040000000000   2.1526000000000
C3     -7.0215000000000   1.4299000000000   0.8802000000000
C4     -6.2184000000000   1.3880000000000  -0.2754000000000
C5     -4.8119000000000   1.4186000000000  -0.1567000000000
C6     -4.2039000000000   1.4945000000000   1.1249000000000
C7     -3.9190000000000   1.3692000000000  -1.3665000000000
O8     -4.3718000000000   1.3063000000000  -2.5085000000000
N9     -2.5978000000000   1.3963000000000  -1.1028000000000
C10    -2.0862000000000   1.4738000000000   0.1990000000000
N11    -2.8054000000000   1.5234000000000   1.2792000000000
C12    -0.5685000000000   1.4763000000000   0.2214000000000
C13     0.0184000000000   0.0535000000000   0.1948000000000
C14     1.5475000000000   0.0688000000000   0.2455000000000
O15     2.1003000000000   0.0920000000000   1.3483000000000
N16     2.1166000000000   0.0547000000000  -1.0235000000000
C17     3.4055000000000   0.0228000000000  -1.1872000000000
N18     4.4066000000000  -0.0054000000000  -0.2155000000000
C19     5.7256000000000  -0.0444000000000  -0.6281000000000
C20     5.8854000000000  -0.0608000000000  -2.1039000000000
S21     4.2295000000000   0.0006000000000  -2.8049000000000
C22     6.6576000000000  -1.3251000000000  -2.5316000000000
C23     7.0702000000000  -1.2937000000000  -3.9927000000000
C24     6.3645000000000  -2.0559000000000  -4.9480000000000
C25     6.7474000000000  -2.0219000000000  -6.3030000000000
C26     7.8371000000000  -1.2274000000000  -6.7087000000000
F27     8.2023000000000  -1.1953000000000  -8.0123000000000
C28     8.5452000000000  -0.4666000000000  -5.7578000000000
F29     9.5937000000000   0.2982000000000  -6.1447000000000
C30     8.1626000000000  -0.5003000000000  -4.4026000000000
H31    -1.9560000000000   1.3599000000000  -1.8810000000000
H32     4.2113000000000   0.0034000000000   0.7758000000000
H33    -4.5717000000000   1.5935000000000   3.2549000000000
H34    -7.0411000000000   1.5349000000000   3.0380000000000
H35    -8.0975000000000   1.4042000000000   0.7904000000000
H36    -6.6885000000000   1.3307000000000  -1.2465000000000
H37    -0.2289000000000   2.0121000000000   1.1093000000000
H38    -0.1980000000000   2.0448000000000  -0.6335000000000
H39    -0.3164000000000  -0.4806000000000  -0.6966000000000
H40    -0.3502000000000  -0.5181000000000   1.0483000000000
H41     6.4881000000000  -0.0565000000000   0.1411000000000
H42     6.4311000000000   0.8372000000000  -2.3954000000000
H43     6.0673000000000  -2.2219000000000  -2.3348000000000
H44     7.5697000000000  -1.4284000000000  -1.9406000000000
H45     5.5260000000000  -2.6669000000000  -4.6467000000000
H46     6.2043000000000  -2.6056000000000  -7.0316000000000
H47     8.7099000000000   0.0861000000000  -3.6791000000000
&
