MAEFILE: SM18_micro065.mae
&gen
molchg=-1
&
entry_name: SM18_micro065
&zmat
C1     -4.6747000000000   2.5038000000000   1.9938000000000
C2     -6.0705000000000   2.6922000000000   1.9881000000000
C3     -6.8360000000000   2.2716000000000   0.8837000000000
C4     -6.2078000000000   1.6610000000000  -0.2185000000000
C5     -4.8088000000000   1.4709000000000  -0.2153000000000
C6     -4.0322000000000   1.8940000000000   0.8964000000000
C7     -4.0997000000000   0.8220000000000  -1.3730000000000
O8     -4.7044000000000   0.4285000000000  -2.3694000000000
N9     -2.7647000000000   0.7076000000000  -1.2336000000000
C10    -2.0791000000000   1.1558000000000  -0.0971000000000
N11    -2.6363000000000   1.7206000000000   0.9316000000000
C12    -0.5856000000000   0.9037000000000  -0.1918000000000
C13    -0.2217000000000  -0.5941000000000  -0.1517000000000
C14     1.2904000000000  -0.8145000000000  -0.2457000000000
O15     1.7863000000000  -1.1211000000000  -1.3310000000000
N16     1.9020000000000  -0.6261000000000   0.9480000000000
C17     3.2337000000000  -0.7626000000000   1.0401000000000
N18     4.0809000000000   0.2686000000000   0.9574000000000
C19     5.4195000000000  -0.1029000000000   1.0906000000000
C20     5.6015000000000  -1.4471000000000   1.2904000000000
S21     4.0755000000000  -2.2892000000000   1.3107000000000
C22     6.8907000000000  -2.1751000000000   1.4812000000000
C23     7.4345000000000  -2.0069000000000   2.8876000000000
C24     6.8983000000000  -2.7669000000000   3.9485000000000
C25     7.3974000000000  -2.6080000000000   5.2561000000000
C26     8.4343000000000  -1.6888000000000   5.5077000000000
F27     8.9125000000000  -1.5366000000000   6.7656000000000
C28     8.9721000000000  -0.9278000000000   4.4511000000000
F29     9.9690000000000  -0.0430000000000   4.6912000000000
C30     8.4728000000000  -1.0863000000000   3.1435000000000
H31    -2.2406000000000   0.2774000000000  -1.9815000000000
H32    -4.0963000000000   2.8301000000000   2.8460000000000
H33    -6.5544000000000   3.1604000000000   2.8325000000000
H34    -7.9061000000000   2.4179000000000   0.8818000000000
H35    -6.8056000000000   1.3425000000000  -1.0602000000000
H36    -0.0870000000000   1.4334000000000   0.6219000000000
H37    -0.2121000000000   1.3510000000000  -1.1143000000000
H38    -0.6961000000000  -1.1225000000000  -0.9801000000000
H39    -0.6057000000000  -1.0548000000000   0.7609000000000
H40     6.1824000000000   0.6595000000000   1.0358000000000
H41     7.6256000000000  -1.8181000000000   0.7587000000000
H42     6.7561000000000  -3.2380000000000   1.2769000000000
H43     6.1000000000000  -3.4705000000000   3.7616000000000
H44     6.9837000000000  -3.1903000000000   6.0661000000000
H45     8.8873000000000  -0.4975000000000   2.3383000000000
&
