MAEFILE: SM18_micro020.mae
&gen
molchg=-1
&
entry_name: SM18_micro020
&zmat
C1     -1.6217000000000  -4.3273000000000   3.9297000000000
C2     -2.0217000000000  -4.7576000000000   5.2099000000000
C3     -3.1307000000000  -4.1599000000000   5.8422000000000
C4     -3.8454000000000  -3.1283000000000   5.1997000000000
C5     -3.4509000000000  -2.6900000000000   3.9159000000000
C6     -2.3383000000000  -3.2974000000000   3.2911000000000
C7     -4.1851000000000  -1.5811000000000   3.1807000000000
O8     -5.1550000000000  -1.0555000000000   3.7258000000000
N9     -3.7343000000000  -1.1953000000000   1.9093000000000
C10    -2.6998000000000  -1.8056000000000   1.4075000000000
N11    -1.9925000000000  -2.8265000000000   2.0272000000000
C12    -2.1656000000000  -1.4215000000000   0.0376000000000
C13    -0.6976000000000  -1.0337000000000   0.0880000000000
C14    -0.2114000000000   0.2245000000000  -0.2071000000000
O15    -0.7600000000000   1.2909000000000  -0.5672000000000
N16     1.1822000000000   0.2667000000000  -0.0710000000000
C17     2.0502000000000   1.3667000000000  -0.0851000000000
N18     1.7387000000000   2.6607000000000  -0.2211000000000
C19     2.8601000000000   3.4905000000000  -0.1802000000000
C20     4.0430000000000   2.8162000000000  -0.0075000000000
S21     3.7775000000000   1.0956000000000   0.1083000000000
C22     5.4155000000000   3.3961000000000   0.0854000000000
C23     5.7271000000000   3.8936000000000   1.4841000000000
C24     6.3347000000000   3.0344000000000   2.4237000000000
C25     6.6172000000000   3.4954000000000   3.7244000000000
C26     6.2925000000000   4.8160000000000   4.0907000000000
F27     6.5646000000000   5.2570000000000   5.3420000000000
C28     5.6843000000000   5.6764000000000   3.1554000000000
F29     5.3694000000000   6.9463000000000   3.5054000000000
C30     5.4024000000000   5.2158000000000   1.8545000000000
H31    -1.1859000000000  -3.2506000000000   1.5924000000000
H32    -0.7719000000000  -4.7851000000000   3.4448000000000
H33    -1.4777000000000  -5.5467000000000   5.7075000000000
H34    -3.4342000000000  -4.4931000000000   6.8236000000000
H35    -4.6922000000000  -2.6816000000000   5.6998000000000
H36    -2.7551000000000  -0.5996000000000  -0.3715000000000
H37    -2.2847000000000  -2.2630000000000  -0.6453000000000
H38    -0.0189000000000  -1.8234000000000   0.3794000000000
H39     1.6885000000000  -0.5868000000000   0.1125000000000
H40     2.7246000000000   4.5574000000000  -0.2784000000000
H41     5.5172000000000   4.2207000000000  -0.6213000000000
H42     6.1574000000000   2.6526000000000  -0.2082000000000
H43     6.5824000000000   2.0191000000000   2.1501000000000
H44     7.0814000000000   2.8348000000000   4.4416000000000
H45     4.9323000000000   5.8784000000000   1.1425000000000
&
