MAEFILE: SM18_micro047.mae
&gen
&
entry_name: SM18_micro047
&zmat
C1     -4.4512000000000   2.2692000000000   2.3154000000000
C2     -5.8327000000000   2.5103000000000   2.4447000000000
C3     -6.6950000000000   2.2788000000000   1.3541000000000
C4     -6.1811000000000   1.8060000000000   0.1291000000000
C5     -4.7968000000000   1.5619000000000  -0.0112000000000
C6     -3.9461000000000   1.7969000000000   1.0890000000000
C7     -4.2244000000000   1.0637000000000  -1.3021000000000
O8     -4.8994000000000   0.8230000000000  -2.3014000000000
N9     -2.8084000000000   0.8789000000000  -1.3230000000000
C10    -2.0431000000000   1.1297000000000  -0.2352000000000
N11    -2.5385000000000   1.5520000000000   0.9502000000000
C12    -0.5721000000000   0.8944000000000  -0.3394000000000
C13    -0.2794000000000  -0.5849000000000  -0.0471000000000
C14     1.2153000000000  -0.8934000000000  -0.1440000000000
O15     1.6563000000000  -1.4099000000000  -1.1713000000000
N16     1.8760000000000  -0.5239000000000   0.9786000000000
C17     3.2065000000000  -0.6861000000000   1.0465000000000
N18     4.0725000000000   0.3101000000000   0.8342000000000
C19     5.4068000000000  -0.0801000000000   0.9589000000000
C20     5.5664000000000  -1.4032000000000   1.2818000000000
S21     4.0238000000000  -2.1995000000000   1.4403000000000
C22     6.8453000000000  -2.1436000000000   1.4937000000000
C23     7.3738000000000  -1.9718000000000   2.9053000000000
C24     6.8571000000000  -2.7607000000000   3.9546000000000
C25     7.3424000000000  -2.5991000000000   5.2668000000000
C26     8.3465000000000  -1.6487000000000   5.5350000000000
F27     8.8123000000000  -1.4951000000000   6.7973000000000
C28     8.8651000000000  -0.8591000000000   4.4898000000000
F29     9.8310000000000   0.0552000000000   4.7455000000000
C30     8.3792000000000  -1.0200000000000   3.1773000000000
H31    -2.3116000000000   0.5511000000000  -2.1392000000000
H32    -1.8997000000000   1.7011000000000   1.7189000000000
H33    -3.7901000000000   2.4461000000000   3.1514000000000
H34    -6.2325000000000   2.8729000000000   3.3804000000000
H35    -7.7540000000000   2.4649000000000   1.4571000000000
H36    -6.8567000000000   1.6351000000000  -0.6968000000000
H37    -0.0478000000000   1.5439000000000   0.3641000000000
H38    -0.2277000000000   1.1669000000000  -1.3384000000000
H39    -0.8166000000000  -1.2132000000000  -0.7584000000000
H40    -0.6550000000000  -0.8549000000000   0.9412000000000
H41     6.1838000000000   0.6535000000000   0.8024000000000
H42     7.5938000000000  -1.8005000000000   0.7786000000000
H43     6.7009000000000  -3.2061000000000   1.2936000000000
H44     6.0842000000000  -3.4889000000000   3.7553000000000
H45     6.9433000000000  -3.2042000000000   6.0675000000000
H46     8.7788000000000  -0.4093000000000   2.3809000000000
&
