MAEFILE: SM18_micro075.mae
&gen
molchg=-1
&
entry_name: SM18_micro075
&zmat
C1     -1.3865000000000   4.2832000000000   2.2485000000000
C2     -1.9200000000000   5.5859000000000   2.2151000000000
C3     -2.1337000000000   6.2293000000000   0.9821000000000
C4     -1.8138000000000   5.5700000000000  -0.2196000000000
C5     -1.2783000000000   4.2634000000000  -0.1852000000000
C6     -1.0583000000000   3.6042000000000   1.0561000000000
C7     -0.9364000000000   3.5491000000000  -1.3600000000000
O8     -1.1137000000000   4.1029000000000  -2.5957000000000
N9     -0.4270000000000   2.3012000000000  -1.2966000000000
C10    -0.2585000000000   1.7716000000000  -0.0818000000000
N11    -0.5465000000000   2.3536000000000   1.0858000000000
C12     0.3313000000000   0.3750000000000  -0.0224000000000
C13     1.8468000000000   0.3631000000000  -0.0346000000000
C14     2.6141000000000  -0.7848000000000   0.0233000000000
O15     2.2651000000000  -1.9850000000000   0.1032000000000
N16     3.9923000000000  -0.5854000000000   0.0047000000000
C17     4.6568000000000  -0.5051000000000  -1.1028000000000
N18     4.1192000000000  -0.5982000000000  -2.3813000000000
C19     5.0302000000000  -0.4853000000000  -3.4032000000000
C20     6.2971000000000  -0.3090000000000  -3.0261000000000
S21     6.4583000000000  -0.2504000000000  -1.2776000000000
C22     7.5045000000000  -0.1406000000000  -3.9238000000000
C23     7.9638000000000  -1.4452000000000  -4.5460000000000
C24     7.4330000000000  -1.8674000000000  -5.7832000000000
C25     7.8541000000000  -3.0839000000000  -6.3548000000000
C26     8.8071000000000  -3.8820000000000  -5.6922000000000
F27     9.2100000000000  -5.0516000000000  -6.2434000000000
C28     9.3390000000000  -3.4633000000000  -4.4566000000000
F29    10.2550000000000  -4.2292000000000  -3.8177000000000
C30     8.9172000000000  -2.2472000000000  -3.8842000000000
H31     3.1382000000000  -0.7301000000000  -2.5816000000000
H32    -1.2260000000000   3.7986000000000   3.2006000000000
H33    -2.1654000000000   6.0918000000000   3.1373000000000
H34    -2.5433000000000   7.2284000000000   0.9577000000000
H35    -1.9822000000000   6.0745000000000  -1.1598000000000
H36    -0.8379000000000   3.5244000000000  -3.2900000000000
H37    -0.0305000000000  -0.2096000000000  -0.8694000000000
H38    -0.0176000000000  -0.1365000000000   0.8760000000000
H39     2.3254000000000   1.3308000000000  -0.0949000000000
H40     4.6524000000000  -0.5477000000000  -4.4130000000000
H41     8.3229000000000   0.2984000000000  -3.3520000000000
H42     7.2629000000000   0.5737000000000  -4.7118000000000
H43     6.6990000000000  -1.2615000000000  -6.2939000000000
H44     7.4450000000000  -3.4055000000000  -7.3011000000000
H45     9.3245000000000  -1.9326000000000  -2.9344000000000
&
