MAEFILE: SM18_micro074.mae
&gen
molchg=1
&
entry_name: SM18_micro074
&zmat
C1     -5.6652000000000   1.2442000000000  -1.8076000000000
C2     -7.0071000000000   0.9160000000000  -1.5339000000000
C3     -7.4062000000000   0.6116000000000  -0.2188000000000
C4     -6.4642000000000   0.6334000000000   0.8272000000000
C5     -5.1177000000000   0.9613000000000   0.5554000000000
C6     -4.7104000000000   1.2700000000000  -0.7702000000000
C7     -4.0800000000000   0.9956000000000   1.6443000000000
O8     -4.3587000000000   0.7420000000000   2.8151000000000
N9     -2.8367000000000   1.3225000000000   1.2392000000000
C10    -2.5266000000000   1.6151000000000  -0.0952000000000
N11    -3.3775000000000   1.6014000000000  -1.0761000000000
C12    -1.0578000000000   1.9479000000000  -0.2779000000000
C13    -0.1663000000000   0.6909000000000  -0.3145000000000
C14     1.3206000000000   1.0353000000000  -0.4330000000000
O15     1.8097000000000   1.8726000000000   0.3256000000000
N16     2.0060000000000   0.3697000000000  -1.3818000000000
C17     3.3858000000000   0.4693000000000  -1.7021000000000
N18     4.2560000000000   1.2513000000000  -1.0543000000000
C19     5.5470000000000   1.1420000000000  -1.5758000000000
C20     5.6495000000000   0.2673000000000  -2.6306000000000
S21     4.1066000000000  -0.4580000000000  -3.0083000000000
C22     6.8761000000000  -0.0748000000000  -3.4103000000000
C23     7.1822000000000   0.9662000000000  -4.4701000000000
C24     8.0603000000000   2.0331000000000  -4.1850000000000
C25     8.3404000000000   3.0009000000000  -5.1693000000000
C26     7.7431000000000   2.9065000000000  -6.4413000000000
F27     8.0136000000000   3.8381000000000  -7.3862000000000
C28     6.8643000000000   1.8435000000000  -6.7289000000000
F29     6.2876000000000   1.7512000000000  -7.9507000000000
C30     6.5844000000000   0.8753000000000  -5.7448000000000
H31    -5.3646000000000   0.7304000000000   2.9261000000000
H32    -2.1000000000000   1.3599000000000   1.9291000000000
H33    -5.3708000000000   1.4767000000000  -2.8210000000000
H34    -7.7313000000000   0.8982000000000  -2.3349000000000
H35    -8.4364000000000   0.3603000000000  -0.0128000000000
H36    -6.7869000000000   0.3966000000000   1.8306000000000
H37    -0.7460000000000   2.6092000000000   0.5325000000000
H38    -0.9340000000000   2.5215000000000  -1.1981000000000
H39    -0.4661000000000   0.0493000000000  -1.1452000000000
H40    -0.2995000000000   0.1038000000000   0.5952000000000
H41     1.4777000000000  -0.2846000000000  -1.9405000000000
H42     6.3397000000000   1.7282000000000  -1.1345000000000
H43     6.7592000000000  -1.0489000000000  -3.8869000000000
H44     7.7290000000000  -0.1687000000000  -2.7371000000000
H45     8.5195000000000   2.1135000000000  -3.2104000000000
H46     9.0132000000000   3.8161000000000  -4.9478000000000
H47     5.9079000000000   0.0635000000000  -5.9695000000000
&
