MAEFILE: SM18_micro017.mae
&gen
&
entry_name: SM18_micro017
&zmat
C1     -3.5413000000000   0.3042000000000  -3.2701000000000
C2     -3.6979000000000   0.7340000000000  -4.6020000000000
C3     -2.8675000000000   1.7452000000000  -5.1194000000000
C4     -1.8792000000000   2.3285000000000  -4.3048000000000
C5     -1.7232000000000   1.8975000000000  -2.9687000000000
C6     -2.5571000000000   0.8753000000000  -2.4364000000000
C7     -0.7486000000000   2.4474000000000  -2.1000000000000
O8      0.0973000000000   3.4313000000000  -2.5254000000000
N9     -0.6244000000000   2.0170000000000  -0.8276000000000
C10    -1.4528000000000   1.0491000000000  -0.4260000000000
N11    -2.4047000000000   0.4637000000000  -1.1581000000000
C12    -1.2864000000000   0.5513000000000   1.0008000000000
C13    -0.7910000000000  -0.8873000000000   1.1020000000000
C14     0.5936000000000  -1.2938000000000   0.9119000000000
O15     0.9459000000000  -2.4490000000000   1.1564000000000
H16     0.1617000000000  -2.9573000000000   1.5440000000000
N17     1.3823000000000  -0.2459000000000   0.4452000000000
C18     2.6588000000000  -0.3718000000000   0.2406000000000
N19     3.4730000000000  -1.4868000000000   0.4395000000000
C20     4.8032000000000  -1.2996000000000   0.1520000000000
C21     5.1315000000000  -0.0830000000000  -0.2804000000000
S22     3.7326000000000   0.9715000000000  -0.3842000000000
C23     6.5089000000000   0.4099000000000  -0.6713000000000
C24     7.4147000000000   0.6438000000000   0.5233000000000
C25     8.5316000000000  -0.1889000000000   0.7465000000000
C26     9.3643000000000   0.0291000000000   1.8617000000000
C27     9.0838000000000   1.0792000000000   2.7575000000000
F28     9.8853000000000   1.2856000000000   3.8295000000000
C29     7.9702000000000   1.9133000000000   2.5370000000000
F30     7.6971000000000   2.9231000000000   3.3970000000000
C31     7.1382000000000   1.6964000000000   1.4215000000000
H32    -1.4999000000000  -1.5996000000000   1.4992000000000
H33     3.1596000000000  -2.3826000000000   0.7821000000000
H34    -4.1838000000000  -0.4733000000000  -2.8836000000000
H35    -4.4566000000000   0.2868000000000  -5.2270000000000
H36    -2.9888000000000   2.0738000000000  -6.1411000000000
H37    -1.2482000000000   3.1043000000000  -4.7130000000000
H38     0.6988000000000   3.7052000000000  -1.8500000000000
H39    -2.2579000000000   0.6099000000000   1.4930000000000
H40    -0.6279000000000   1.2117000000000   1.5681000000000
H41     5.4668000000000  -2.1384000000000   0.3034000000000
H42     6.4151000000000   1.3411000000000  -1.2311000000000
H43     6.9621000000000  -0.3140000000000  -1.3496000000000
H44     8.7535000000000  -0.9979000000000   0.0660000000000
H45    10.2185000000000  -0.6101000000000   2.0302000000000
H46     6.2845000000000   2.3381000000000   1.2582000000000
&
