MAEFILE: SM18_micro049.mae
&gen
molchg=-2
&
entry_name: SM18_micro049
&zmat
C1     -4.5913000000000   2.2962000000000   1.9213000000000
C2     -5.9814000000000   2.5079000000000   1.9995000000000
C3     -6.8046000000000   2.2025000000000   0.8989000000000
C4     -6.2405000000000   1.6850000000000  -0.2832000000000
C5     -4.8464000000000   1.4704000000000  -0.3669000000000
C6     -4.0177000000000   1.7782000000000   0.7424000000000
C7     -4.2047000000000   0.9161000000000  -1.6172000000000
O8     -4.9110000000000   0.6435000000000  -2.5875000000000
N9     -2.8501000000000   0.7693000000000  -1.5391000000000
C10    -2.1322000000000   1.0983000000000  -0.4042000000000
N11    -2.6316000000000   1.5701000000000   0.6767000000000
C12    -0.6315000000000   0.8698000000000  -0.4634000000000
C13    -0.2378000000000  -0.5384000000000   0.0197000000000
C14     1.2725000000000  -0.7728000000000  -0.0854000000000
O15     1.7431000000000  -1.1748000000000  -1.1508000000000
N16     1.9159000000000  -0.4888000000000   1.0733000000000
C17     3.2469000000000  -0.6453000000000   1.1457000000000
N18     4.1081000000000   0.3733000000000   1.0532000000000
C19     5.4435000000000  -0.0190000000000   1.1559000000000
C20     5.6094000000000  -1.3673000000000   1.3409000000000
S21     4.0714000000000  -2.1857000000000   1.3927000000000
C22     6.8910000000000  -2.1179000000000   1.4928000000000
C23     7.4539000000000  -2.0036000000000   2.8968000000000
C24     6.8846000000000  -2.7519000000000   3.9487000000000
C25     7.4011000000000  -2.6437000000000   5.2545000000000
C26     8.4893000000000  -1.7879000000000   5.5133000000000
F27     8.9838000000000  -1.6843000000000   6.7698000000000
C28     9.0613000000000  -1.0400000000000   4.4653000000000
F29    10.1085000000000  -0.2173000000000   4.7119000000000
C30     8.5439000000000  -1.1469000000000   3.1595000000000
H31    -3.9649000000000   2.5317000000000   2.7693000000000
H32    -6.4161000000000   2.9045000000000   2.9050000000000
H33    -7.8704000000000   2.3649000000000   0.9608000000000
H34    -6.8845000000000   1.4553000000000  -1.1196000000000
H35    -0.1313000000000   1.6253000000000   0.1451000000000
H36    -0.2827000000000   1.0276000000000  -1.4855000000000
H37    -0.7422000000000  -1.2925000000000  -0.5863000000000
H38    -0.5789000000000  -0.6975000000000   1.0449000000000
H39     6.2166000000000   0.7318000000000   1.0890000000000
H40     7.6217000000000  -1.7490000000000   0.7720000000000
H41     6.7390000000000  -3.1721000000000   1.2579000000000
H42     6.0473000000000  -3.4068000000000   3.7555000000000
H43     6.9613000000000  -3.2164000000000   6.0578000000000
H44     8.9854000000000  -0.5679000000000   2.3616000000000
&
