MAEFILE: SM18_micro063.mae
&gen
molchg=1
&
entry_name: SM18_micro063
&zmat
C1      3.3589000000000   3.9377000000000  -1.7554000000000
C2      4.2791000000000   4.2032000000000  -2.7876000000000
C3      4.0131000000000   3.7653000000000  -4.1006000000000
C4      2.8290000000000   3.0564000000000  -4.3877000000000
C5      1.8996000000000   2.7851000000000  -3.3596000000000
C6      2.1745000000000   3.2376000000000  -2.0527000000000
C7      0.6476000000000   2.0110000000000  -3.6313000000000
O8      0.3172000000000   1.6142000000000  -4.7471000000000
N9     -0.1581000000000   1.7150000000000  -2.4897000000000
C10     0.1704000000000   2.1592000000000  -1.2522000000000
N11     1.2396000000000   2.9517000000000  -1.0023000000000
C12    -0.6958000000000   1.7506000000000  -0.0993000000000
C13    -0.4753000000000   0.2621000000000   0.2306000000000
C14     1.0084000000000  -0.0645000000000   0.4180000000000
O15     1.4724000000000  -0.0809000000000   1.5606000000000
N16     1.6524000000000  -0.2752000000000  -0.7958000000000
C17     2.9480000000000  -0.2893000000000  -0.8818000000000
N18     3.8893000000000  -0.1136000000000   0.1310000000000
C19     5.2010000000000  -0.1527000000000  -0.2743000000000
C20     5.3928000000000  -0.3451000000000  -1.5788000000000
S21     3.8748000000000  -0.5181000000000  -2.4426000000000
C22     6.7175000000000  -0.4506000000000  -2.3042000000000
C23     7.4825000000000   0.8586000000000  -2.3381000000000
C24     8.5742000000000   1.0672000000000  -1.4691000000000
C25     9.2794000000000   2.2860000000000  -1.4999000000000
C26     8.8967000000000   3.2999000000000  -2.3995000000000
F27     9.5760000000000   4.4711000000000  -2.4268000000000
C28     7.8077000000000   3.0945000000000  -3.2690000000000
F29     7.4382000000000   4.0679000000000  -4.1350000000000
C30     7.1015000000000   1.8761000000000  -3.2378000000000
H31    -1.0035000000000   1.1656000000000  -2.5475000000000
H32     1.4058000000000   3.2620000000000  -0.0552000000000
H33     3.6676000000000   0.0246000000000   1.1069000000000
H34     3.5651000000000   4.2700000000000  -0.7484000000000
H35     5.1909000000000   4.7409000000000  -2.5725000000000
H36     4.7227000000000   3.9686000000000  -4.8892000000000
H37     2.6453000000000   2.7206000000000  -5.3981000000000
H38    -1.7417000000000   1.9312000000000  -0.3501000000000
H39    -0.4717000000000   2.3688000000000   0.7718000000000
H40    -0.8828000000000  -0.3609000000000  -0.5668000000000
H41    -1.0232000000000  -0.0035000000000   1.1355000000000
H42     5.9591000000000  -0.0277000000000   0.4848000000000
H43     6.5451000000000  -0.7876000000000  -3.3270000000000
H44     7.3208000000000  -1.2221000000000  -1.8242000000000
H45     8.8731000000000   0.2952000000000  -0.7749000000000
H46    10.1140000000000   2.4432000000000  -0.8328000000000
H47     6.2653000000000   1.7239000000000  -3.9045000000000
&
