MAEFILE: SM18_micro031.mae
&gen
molchg=1
&
entry_name: SM18_micro031
&zmat
C1     -4.4773000000000   0.9006000000000   2.9051000000000
C2     -5.7962000000000   0.5724000000000   3.2742000000000
C3     -6.8418000000000   0.6841000000000   2.3356000000000
C4     -6.5757000000000   1.1234000000000   1.0227000000000
C5     -5.2551000000000   1.4541000000000   0.6433000000000
C6     -4.2150000000000   1.3393000000000   1.5932000000000
C7     -4.9132000000000   1.9320000000000  -0.7581000000000
O8     -5.8181000000000   2.0250000000000  -1.5860000000000
N9     -3.5803000000000   2.2503000000000  -1.0604000000000
C10    -2.6852000000000   2.1203000000000  -0.1244000000000
N11    -2.9337000000000   1.6816000000000   1.1684000000000
C12    -1.2280000000000   2.4544000000000  -0.3930000000000
C13    -0.2956000000000   1.2292000000000  -0.2919000000000
C14     1.1735000000000   1.5826000000000  -0.5446000000000
O15     1.6454000000000   2.6107000000000  -0.0582000000000
N16     1.8651000000000   0.7078000000000  -1.2989000000000
C17     3.2349000000000   0.7563000000000  -1.6700000000000
N18     4.0898000000000   1.7087000000000  -1.2817000000000
C19     5.3751000000000   1.4951000000000  -1.7844000000000
C20     5.4894000000000   0.3674000000000  -2.5615000000000
S21     3.9641000000000  -0.4722000000000  -2.6918000000000
C22     6.7149000000000  -0.1465000000000  -3.2435000000000
C23     7.1550000000000   0.7554000000000  -4.3812000000000
C24     8.2256000000000   1.6568000000000  -4.2015000000000
C25     8.6287000000000   2.4959000000000  -5.2586000000000
C26     7.9630000000000   2.4379000000000  -6.4984000000000
F27     8.3524000000000   3.2456000000000  -7.5133000000000
C28     6.8927000000000   1.5400000000000  -6.6809000000000
F29     6.2498000000000   1.4836000000000  -7.8714000000000
C30     6.4899000000000   0.7001000000000  -5.6243000000000
H31    -5.5903000000000   1.4646000000000  -2.3974000000000
H32    -2.1993000000000   1.6009000000000   1.8574000000000
H33    -3.6771000000000   0.8157000000000   3.6259000000000
H34    -6.0071000000000   0.2352000000000   4.2785000000000
H35    -7.8516000000000   0.4318000000000   2.6246000000000
H36    -7.3924000000000   1.2019000000000   0.3199000000000
H37    -0.9196000000000   3.2244000000000   0.3159000000000
H38    -1.1379000000000   2.9029000000000  -1.3841000000000
H39    -0.6161000000000   0.4651000000000  -1.0023000000000
H40    -0.3601000000000   0.7793000000000   0.6995000000000
H41     1.3515000000000  -0.0903000000000  -1.6430000000000
H42     6.1559000000000   2.1998000000000  -1.5386000000000
H43     6.5367000000000  -1.1484000000000  -3.6360000000000
H44     7.5243000000000  -0.2447000000000  -2.5192000000000
H45     8.7395000000000   1.7089000000000  -3.2528000000000
H46     9.4487000000000   3.1848000000000  -5.1180000000000
H47     5.6670000000000   0.0154000000000  -5.7685000000000
&
