MAEFILE: SM18_micro029.mae
&gen
molchg=2
&
entry_name: SM18_micro029
&zmat
C1     -4.6904000000000   2.3803000000000   2.2401000000000
C2     -6.0630000000000   2.2771000000000   2.5388000000000
C3     -6.9332000000000   1.6242000000000   1.6428000000000
C4     -6.4365000000000   1.0710000000000   0.4450000000000
C5     -5.0616000000000   1.1688000000000   0.1365000000000
C6     -4.2022000000000   1.8248000000000   1.0420000000000
C7     -4.5082000000000   0.5890000000000  -1.1279000000000
O8     -5.1893000000000   0.0045000000000  -1.9680000000000
N9     -3.1015000000000   0.7475000000000  -1.3201000000000
C10    -2.3270000000000   1.3910000000000  -0.4148000000000
N11    -2.8030000000000   1.9238000000000   0.7342000000000
C12    -0.8610000000000   1.4996000000000  -0.6917000000000
C13    -0.1146000000000   0.3665000000000   0.0351000000000
C14     1.3903000000000   0.3793000000000  -0.2405000000000
O15     1.9759000000000   1.1619000000000  -0.9896000000000
N16     2.1902000000000  -0.7654000000000   0.4780000000000
C17     3.4837000000000  -0.8308000000000   0.5698000000000
N18     4.3434000000000   0.0950000000000   0.0968000000000
C19     5.5580000000000  -0.2096000000000   0.3113000000000
C20     5.8811000000000  -1.5045000000000   1.0327000000000
S21     4.2690000000000  -2.2133000000000   1.3753000000000
C22     6.6852000000000  -1.2858000000000   2.3288000000000
C23     8.1502000000000  -0.9768000000000   2.0720000000000
C24     8.6251000000000   0.3485000000000   2.1688000000000
C25     9.9829000000000   0.6332000000000   1.9250000000000
C26    10.8717000000000  -0.4054000000000   1.5858000000000
F27    12.1767000000000  -0.1293000000000   1.3524000000000
C28    10.4017000000000  -1.7301000000000   1.4896000000000
F29    11.2536000000000  -2.7307000000000   1.1630000000000
C30     9.0436000000000  -2.0149000000000   1.7324000000000
H31    -2.6221000000000   0.3958000000000  -2.1365000000000
H32    -2.1621000000000   2.3923000000000   1.3593000000000
H33     1.6487000000000  -1.5063000000000   0.9110000000000
H34    -4.0244000000000   2.8808000000000   2.9278000000000
H35    -6.4496000000000   2.6984000000000   3.4554000000000
H36    -7.9854000000000   1.5467000000000   1.8749000000000
H37    -7.1184000000000   0.5734000000000  -0.2296000000000
H38    -0.5023000000000   2.4750000000000  -0.3587000000000
H39    -0.6891000000000   1.4505000000000  -1.7688000000000
H40    -0.5172000000000  -0.5976000000000  -0.2766000000000
H41    -0.2758000000000   0.4457000000000   1.1106000000000
H42     6.4012000000000   0.4133000000000   0.0016000000000
H43     6.4091000000000  -2.1777000000000   0.3564000000000
H44     6.6459000000000  -2.1911000000000   2.9365000000000
H45     6.2364000000000  -0.4992000000000   2.9382000000000
H46     7.9502000000000   1.1516000000000   2.4272000000000
H47    10.3427000000000   1.6490000000000   1.9983000000000
H48     8.6895000000000  -3.0326000000000   1.6554000000000
&
