MAEFILE: SM19_micro008.mae
&gen
molchg=-1
&
entry_name: SM19_micro008
&zmat
C1     -1.9176000000000   1.2630000000000  -0.5040000000000
C2     -0.4870000000000   1.3787000000000   0.0270000000000
O3      0.3364000000000   0.4608000000000  -0.6789000000000
C4      1.6779000000000   0.4133000000000  -0.3654000000000
C5      2.4721000000000  -0.5032000000000  -1.1004000000000
C6      3.8593000000000  -0.6312000000000  -0.8658000000000
C7      2.2888000000000   1.2206000000000   0.6333000000000
C8      3.6689000000000   1.0768000000000   0.8500000000000
C9      4.4414000000000   0.1776000000000   0.1229000000000
S10     4.6342000000000   1.9569000000000   2.0061000000000
C11     6.1646000000000   1.1033000000000   1.5066000000000
N12     5.7820000000000   0.2141000000000   0.5047000000000
N13     7.3631000000000   1.2863000000000   1.9603000000000
C14     8.4638000000000   0.5712000000000   1.4829000000000
O15     8.5421000000000  -0.5993000000000   1.9236000000000
C16     9.3522000000000   1.2196000000000   0.6340000000000
C17     9.2950000000000   2.5875000000000   0.0829000000000
C18    10.4756000000000   3.3594000000000   0.0855000000000
C19    10.4736000000000   4.6774000000000  -0.4100000000000
C20     9.2880000000000   5.2407000000000  -0.9190000000000
Cl21    9.3093000000000   6.8616000000000  -1.5178000000000
C22     8.1027000000000   4.4749000000000  -0.9366000000000
Cl23    6.6312000000000   5.1279000000000  -1.5645000000000
C24     8.1123000000000   3.1567000000000  -0.4406000000000
H25     6.4297000000000  -0.3988000000000   0.0310000000000
H26    -2.5836000000000   1.9512000000000   0.0169000000000
H27    -1.9605000000000   1.4971000000000  -1.5680000000000
H28    -2.3057000000000   0.2535000000000  -0.3670000000000
H29    -0.4746000000000   1.1565000000000   1.0950000000000
H30    -0.1277000000000   2.3991000000000  -0.1143000000000
H31     2.0082000000000  -1.1166000000000  -1.8588000000000
H32     4.4551000000000  -1.3303000000000  -1.4338000000000
H33     1.7344000000000   1.9346000000000   1.2232000000000
H34    10.2117000000000   0.6545000000000   0.3029000000000
H35    11.3914000000000   2.9428000000000   0.4792000000000
H36    11.3850000000000   5.2567000000000  -0.3959000000000
H37     7.2020000000000   2.5815000000000  -0.4866000000000
&
