MAEFILE: SM19_micro016.mae
&gen
&
entry_name: SM19_micro016
&zmat
C1     -2.1890000000000   0.8426000000000   0.3001000000000
C2     -0.6959000000000   1.1687000000000   0.2205000000000
O3      0.0214000000000  -0.0356000000000  -0.0133000000000
C4      1.3955000000000   0.0304000000000  -0.1039000000000
C5      2.0805000000000  -1.1934000000000  -0.3141000000000
C6      3.4886000000000  -1.2426000000000  -0.4193000000000
C7      2.1407000000000   1.2370000000000   0.0009000000000
C8      3.5390000000000   1.1647000000000  -0.1084000000000
C9      4.2031000000000  -0.0388000000000  -0.3126000000000
S10     4.6577000000000   2.4990000000000  -0.0115000000000
C11     6.1117000000000   1.4235000000000  -0.2504000000000
N12     5.5844000000000   0.1352000000000  -0.3856000000000
N13     7.3547000000000   1.8014000000000  -0.2960000000000
C14     8.3447000000000   0.8443000000000  -0.4700000000000
O15     9.1207000000000   0.8600000000000  -1.4249000000000
H16     9.8905000000000   0.2313000000000  -1.2349000000000
C17     8.4682000000000  -0.1026000000000   0.6355000000000
C18     9.4155000000000  -1.2088000000000   0.4686000000000
C19    10.7559000000000  -1.0673000000000   0.8814000000000
C20    11.6621000000000  -2.1328000000000   0.7206000000000
C21    11.2341000000000  -3.3479000000000   0.1503000000000
Cl22   12.3673000000000  -4.6385000000000  -0.0373000000000
C23     9.8906000000000  -3.4959000000000  -0.2593000000000
Cl24    9.3337000000000  -4.9735000000000  -0.9607000000000
C25     8.9870000000000  -2.4268000000000  -0.0980000000000
H26     6.1590000000000  -0.6891000000000  -0.4888000000000
H27     7.8681000000000  -0.0273000000000   1.5317000000000
H28    -2.7749000000000   1.7424000000000   0.4886000000000
H29    -2.5440000000000   0.4013000000000  -0.6315000000000
H30    -2.3926000000000   0.1359000000000   1.1050000000000
H31    -0.3736000000000   1.6282000000000   1.1561000000000
H32    -0.5199000000000   1.8797000000000  -0.5881000000000
H33     1.5143000000000  -2.1098000000000  -0.3941000000000
H34     3.9995000000000  -2.1810000000000  -0.5774000000000
H35     1.6731000000000   2.1966000000000   0.1605000000000
H36    11.0927000000000  -0.1403000000000   1.3224000000000
H37    12.6880000000000  -2.0166000000000   1.0375000000000
H38     7.9592000000000  -2.5427000000000  -0.4103000000000
&
