MAEFILE: SM19_micro015.mae
&gen
&
entry_name: SM19_micro015
&zmat
C1     -2.4428000000000   0.8711000000000  -0.0278000000000
C2     -0.9590000000000   1.2464000000000  -0.0339000000000
O3     -0.1872000000000   0.0540000000000  -0.0830000000000
C4      1.1866000000000   0.1648000000000  -0.0591000000000
C5      1.9270000000000  -1.0344000000000  -0.0491000000000
C6      3.3357000000000  -1.0216000000000  -0.0175000000000
C7      1.8863000000000   1.3953000000000  -0.0439000000000
C8      3.2924000000000   1.4012000000000  -0.0131000000000
C9      4.0594000000000   0.1926000000000   0.0032000000000
S10     4.4198000000000   2.7757000000000   0.0138000000000
C11     5.7525000000000   1.6048000000000   0.0515000000000
N12     5.3776000000000   0.2952000000000   0.0371000000000
N13     7.1844000000000   1.8423000000000   0.0909000000000
C14     7.8640000000000   3.0693000000000   0.1274000000000
O15     7.1386000000000   4.0866000000000   0.1744000000000
C16     9.2467000000000   2.9469000000000   0.1298000000000
C17    10.0929000000000   1.7396000000000   0.0286000000000
C18     9.7811000000000   0.6483000000000  -0.8146000000000
C19    10.6174000000000  -0.4833000000000  -0.8593000000000
C20    11.7762000000000  -0.5413000000000  -0.0621000000000
Cl21   12.7832000000000  -1.9434000000000  -0.1337000000000
C22    12.0992000000000   0.5435000000000   0.7809000000000
Cl23   13.5139000000000   0.5064000000000   1.7724000000000
C24    11.2591000000000   1.6741000000000   0.8203000000000
H25     5.9674000000000  -0.5268000000000   0.0523000000000
H26    -3.0696000000000   1.7620000000000   0.0132000000000
H27    -2.7100000000000   0.3152000000000  -0.9267000000000
H28    -2.6866000000000   0.2513000000000   0.8354000000000
H29    -0.7240000000000   1.8146000000000   0.8673000000000
H30    -0.7449000000000   1.8744000000000  -0.8998000000000
H31     1.4065000000000  -1.9810000000000  -0.0627000000000
H32     3.8693000000000  -1.9609000000000  -0.0075000000000
H33     1.3712000000000   2.3436000000000  -0.0540000000000
H34     7.7241000000000   0.9893000000000   0.0875000000000
H35     9.8128000000000   3.8657000000000   0.1883000000000
H36     8.9083000000000   0.6744000000000  -1.4497000000000
H37    10.3687000000000  -1.3078000000000  -1.5110000000000
H38    11.5115000000000   2.4986000000000   1.4715000000000
&
