MAEFILE: SM19_micro010.mae
&gen
molchg=-2
&
entry_name: SM19_micro010
&zmat
C1     -1.3916000000000   1.9104000000000  -0.3949000000000
C2      0.1292000000000   1.7942000000000  -0.2697000000000
O3      0.4532000000000   0.4731000000000   0.1411000000000
C4      1.7828000000000   0.1513000000000   0.3110000000000
C5      2.0776000000000  -1.1659000000000   0.7169000000000
C6      3.4080000000000  -1.5836000000000   0.9158000000000
C7      2.8546000000000   1.0540000000000   0.1046000000000
C8      4.1813000000000   0.6293000000000   0.3045000000000
C9      4.4898000000000  -0.6972000000000   0.7138000000000
S10     5.6717000000000   1.5430000000000   0.1208000000000
C11     6.5922000000000   0.0996000000000   0.5901000000000
N12     5.8429000000000  -0.9758000000000   0.8752000000000
N13     7.9325000000000   0.0647000000000   0.6848000000000
C14     8.6767000000000   0.0699000000000  -0.4445000000000
O15     8.8545000000000  -1.0885000000000  -0.8839000000000
C16     9.1551000000000   1.2483000000000  -1.0038000000000
C17     9.0324000000000   2.6400000000000  -0.5218000000000
C18     8.9752000000000   2.9830000000000   0.8487000000000
C19     8.8175000000000   4.3238000000000   1.2466000000000
C20     8.7128000000000   5.3423000000000   0.2808000000000
Cl21    8.5143000000000   6.9803000000000   0.7948000000000
C22     8.7719000000000   5.0132000000000  -1.0900000000000
Cl23    8.6448000000000   6.2379000000000  -2.3026000000000
C24     8.9312000000000   3.6693000000000  -1.4816000000000
H25    -1.6806000000000   2.9131000000000  -0.7102000000000
H26    -1.7791000000000   1.2036000000000  -1.1291000000000
H27    -1.8793000000000   1.7059000000000   0.5584000000000
H28     0.4916000000000   2.5188000000000   0.4611000000000
H29     0.5923000000000   2.0179000000000  -1.2320000000000
H30     1.2723000000000  -1.8673000000000   0.8787000000000
H31     3.6077000000000  -2.5980000000000   1.2272000000000
H32     2.6889000000000   2.0739000000000  -0.2059000000000
H33     9.7249000000000   1.1542000000000  -1.9170000000000
H34     9.0617000000000   2.2235000000000   1.6105000000000
H35     8.7750000000000   4.5677000000000   2.2975000000000
H36     8.9653000000000   3.4248000000000  -2.5333000000000
&
