MAEFILE: SM19_micro018.mae
&gen
&
entry_name: SM19_micro018
&zmat
C1     -7.6283000000000   1.4998000000000   0.8838000000000
C2     -6.1233000000000   1.2772000000000   0.7206000000000
O3     -5.9117000000000   0.3692000000000  -0.3518000000000
C4     -4.6175000000000  -0.0063000000000  -0.6407000000000
C5     -4.4374000000000  -0.9493000000000  -1.6724000000000
C6     -3.1510000000000  -1.4007000000000  -2.0272000000000
C7     -3.4751000000000   0.4930000000000   0.0306000000000
C8     -2.1939000000000   0.0357000000000  -0.3270000000000
C9     -2.0014000000000  -0.9243000000000  -1.3587000000000
S10    -0.6360000000000   0.4861000000000   0.3500000000000
C11     0.1445000000000  -0.6902000000000  -0.7237000000000
N12    -0.6811000000000  -1.3009000000000  -1.5872000000000
N13     1.4672000000000  -0.9298000000000  -0.6961000000000
C14     2.0397000000000  -1.9634000000000  -0.0167000000000
O15     3.2462000000000  -2.1066000000000   0.1664000000000
C16     1.1012000000000  -3.0723000000000   0.5161000000000
C17     0.2711000000000  -2.6469000000000   1.7219000000000
C18     0.8884000000000  -2.1618000000000   2.8950000000000
C19     0.1026000000000  -1.7403000000000   3.9850000000000
C20    -1.3033000000000  -1.8010000000000   3.9136000000000
Cl21   -2.2435000000000  -1.2565000000000   5.2568000000000
C22    -1.9251000000000  -2.3018000000000   2.7492000000000
Cl23   -3.6463000000000  -2.3771000000000   2.6202000000000
C24    -1.1364000000000  -2.7354000000000   1.6664000000000
H25     3.7443000000000  -1.3876000000000  -0.3425000000000
H26    -7.8332000000000   2.1931000000000   1.6997000000000
H27    -8.0638000000000   1.9148000000000  -0.0254000000000
H28    -8.1401000000000   0.5629000000000   1.1044000000000
H29    -5.7123000000000   0.8748000000000   1.6479000000000
H30    -5.6329000000000   2.2296000000000   0.5137000000000
H31    -5.2987000000000  -1.3373000000000  -2.1962000000000
H32    -3.0424000000000  -2.1295000000000  -2.8165000000000
H33    -3.5540000000000   1.2187000000000   0.8253000000000
H34     1.7050000000000  -3.9297000000000   0.8169000000000
H35     0.4598000000000  -3.4379000000000  -0.2866000000000
H36     1.9647000000000  -2.0992000000000   2.9588000000000
H37     0.5815000000000  -1.3609000000000   4.8756000000000
H38    -1.6195000000000  -3.1089000000000   0.7753000000000
&
