MAEFILE: SM19_micro007.mae
&gen
&
entry_name: SM19_micro007
&zmat
C1     -2.2523000000000   1.0144000000000   0.0032000000000
C2     -0.7470000000000   1.2913000000000   0.0058000000000
O3     -0.0550000000000   0.0500000000000   0.0117000000000
C4      1.3233000000000   0.0708000000000   0.0023000000000
C5      1.9832000000000  -1.1746000000000  -0.0029000000000
C6      3.3896000000000  -1.2515000000000  -0.0146000000000
C7      2.1027000000000   1.2532000000000  -0.0024000000000
C8      3.5076000000000   1.1714000000000  -0.0128000000000
C9      4.1841000000000  -0.0837000000000  -0.0204000000000
S10     4.6858000000000   2.4816000000000  -0.0169000000000
C11     5.9661000000000   1.2667000000000  -0.0306000000000
N12     5.5746000000000  -0.0161000000000  -0.0314000000000
N13     7.3294000000000   1.6634000000000  -0.0303000000000
C14     8.4315000000000   0.8902000000000  -0.0687000000000
O15     8.4284000000000  -0.3386000000000  -0.1426000000000
C16     9.7659000000000   1.6356000000000  -0.0186000000000
C17    10.1716000000000   1.8963000000000   1.4217000000000
C18    10.9728000000000   0.9632000000000   2.1122000000000
C19    11.3462000000000   1.2038000000000   3.4483000000000
C20    10.9205000000000   2.3759000000000   4.1040000000000
Cl21   11.3911000000000   2.6450000000000   5.7446000000000
C22    10.1175000000000   3.3126000000000   3.4163000000000
Cl23    9.5743000000000   4.7569000000000   4.1932000000000
C24     9.7485000000000   3.0715000000000   2.0780000000000
H25    -2.8198000000000   1.9452000000000  -0.0028000000000
H26    -2.5430000000000   0.4398000000000  -0.8766000000000
H27    -2.5480000000000   0.4480000000000   0.8867000000000
H28    -0.4856000000000   1.8770000000000   0.8884000000000
H29    -0.4825000000000   1.8707000000000  -0.8800000000000
H30     1.4029000000000  -2.0857000000000   0.0016000000000
H31     3.8688000000000  -2.2194000000000  -0.0188000000000
H32     1.6490000000000   2.2322000000000   0.0024000000000
H33     7.4886000000000   2.6595000000000   0.0128000000000
H34     9.6899000000000   2.5790000000000  -0.5613000000000
H35    10.5350000000000   1.0472000000000  -0.5209000000000
H36    11.2996000000000   0.0586000000000   1.6198000000000
H37    11.9597000000000   0.4847000000000   3.9710000000000
H38     9.1331000000000   3.7896000000000   1.5561000000000
&
