MAEFILE: SM19_micro002.mae
&gen
&
entry_name: SM19_micro002
&zmat
C1     -2.2923000000000   1.1211000000000  -0.3090000000000
C2     -0.7805000000000   1.3514000000000  -0.3682000000000
O3     -0.1214000000000   0.1631000000000   0.0479000000000
C4      1.2568000000000   0.1568000000000   0.0740000000000
C5      1.8821000000000  -1.0452000000000   0.4931000000000
C6      3.2887000000000  -1.1616000000000   0.5589000000000
C7      2.0623000000000   1.2710000000000  -0.2897000000000
C8      3.4577000000000   1.1320000000000  -0.2175000000000
C9      4.0632000000000  -0.0487000000000   0.1945000000000
S10     4.6429000000000   2.3494000000000  -0.6080000000000
C11     6.0460000000000   1.2530000000000  -0.2094000000000
N12     5.4541000000000   0.0502000000000   0.1869000000000
N13     7.3035000000000   1.5676000000000  -0.2890000000000
C14     8.2961000000000   0.6493000000000   0.0363000000000
O15     8.1873000000000  -0.5293000000000   0.3857000000000
C16     9.6986000000000   1.2533000000000  -0.0708000000000
C17    10.0900000000000   1.9198000000000   1.2370000000000
C18     9.8323000000000   3.2917000000000   1.4400000000000
C19    10.1933000000000   3.9068000000000   2.6540000000000
C20    10.8152000000000   3.1570000000000   3.6718000000000
Cl21   11.2471000000000   3.9368000000000   5.1520000000000
C22    11.0766000000000   1.7834000000000   3.4719000000000
Cl23   11.8365000000000   0.8360000000000   4.7009000000000
C24    10.7142000000000   1.1701000000000   2.2561000000000
H25     5.9836000000000  -0.7607000000000   0.4739000000000
H26    -2.8347000000000   2.0131000000000  -0.6226000000000
H27    -2.5894000000000   0.3014000000000  -0.9638000000000
H28    -2.6117000000000   0.8746000000000   0.7039000000000
H29    -0.5134000000000   2.1839000000000   0.2845000000000
H30    -0.4905000000000   1.6095000000000  -1.3879000000000
H31     1.2707000000000  -1.8918000000000   0.7691000000000
H32     3.7532000000000  -2.0820000000000   0.8808000000000
H33     1.6422000000000   2.2103000000000  -0.6157000000000
H34     9.7417000000000   1.9759000000000  -0.8875000000000
H35    10.4174000000000   0.4693000000000  -0.3133000000000
H36     9.3533000000000   3.8745000000000   0.6666000000000
H37     9.9912000000000   4.9571000000000   2.8040000000000
H38    10.9131000000000   0.1187000000000   2.1071000000000
&
