MAEFILE: SM19_micro004.mae
&gen
molchg=-1
&
entry_name: SM19_micro004
&zmat
C1     -6.4118000000000   2.9731000000000  -0.7317000000000
C2     -5.0602000000000   2.3244000000000  -0.4239000000000
O3     -5.2774000000000   0.9656000000000  -0.0695000000000
C4     -4.1791000000000   0.1821000000000   0.2135000000000
C5     -4.4203000000000  -1.1699000000000   0.5303000000000
C6     -3.3588000000000  -2.0465000000000   0.8279000000000
C7     -2.8422000000000   0.6492000000000   0.2040000000000
C8     -1.7862000000000  -0.2324000000000   0.5008000000000
C9     -2.0185000000000  -1.5992000000000   0.8181000000000
S10    -0.0588000000000   0.0926000000000   0.5529000000000
C11     0.2269000000000  -1.6055000000000   0.9774000000000
N12    -0.8807000000000  -2.3534000000000   1.0871000000000
N13     1.4474000000000  -2.1202000000000   1.1903000000000
C14     2.1683000000000  -2.5190000000000   0.1221000000000
O15     1.9492000000000  -3.7678000000000  -0.3063000000000
C16     3.1004000000000  -1.7600000000000  -0.5712000000000
C17     3.5663000000000  -0.3839000000000  -0.3031000000000
C18     4.0107000000000   0.3904000000000  -1.3958000000000
C19     4.4333000000000   1.7205000000000  -1.2121000000000
C20     4.4138000000000   2.2984000000000   0.0710000000000
Cl21    4.9356000000000   3.9335000000000   0.2712000000000
C22     3.9708000000000   1.5367000000000   1.1730000000000
Cl23    3.9348000000000   2.2142000000000   2.7622000000000
C24     3.5503000000000   0.2057000000000   0.9826000000000
H25    -6.2873000000000   4.0196000000000  -1.0101000000000
H26    -6.9101000000000   2.4646000000000  -1.5572000000000
H27    -7.0721000000000   2.9335000000000   0.1347000000000
H28    -4.5765000000000   2.8574000000000   0.3961000000000
H29    -4.4165000000000   2.3913000000000  -1.3024000000000
H30    -5.4341000000000  -1.5419000000000   0.5433000000000
H31    -3.5710000000000  -3.0783000000000   1.0656000000000
H32    -2.5994000000000   1.6746000000000  -0.0283000000000
H33     2.5132000000000  -3.9095000000000  -1.0502000000000
H34     3.5818000000000  -2.2252000000000  -1.4198000000000
H35     4.0230000000000  -0.0345000000000  -2.3890000000000
H36     4.7699000000000   2.2984000000000  -2.0600000000000
H37     3.2267000000000  -0.3582000000000   1.8435000000000
&
