MAEFILE: SM19_micro005.mae
&gen
molchg=1
&
entry_name: SM19_micro005
&zmat
C1     -8.1871000000000   1.4759000000000  -0.0281000000000
C2     -6.6570000000000   1.5100000000000  -0.0251000000000
O3     -6.1717000000000   0.1776000000000  -0.1198000000000
C4     -4.8082000000000  -0.0236000000000  -0.0999000000000
C5     -4.3568000000000  -1.3583000000000  -0.1349000000000
C6     -2.9815000000000  -1.6641000000000  -0.1106000000000
C7     -3.8495000000000   1.0167000000000  -0.0464000000000
C8     -2.4779000000000   0.7047000000000  -0.0231000000000
C9     -2.0030000000000  -0.6456000000000  -0.0516000000000
S10    -1.0694000000000   1.7878000000000   0.0453000000000
C11    -0.0354000000000   0.3468000000000   0.0382000000000
N12    -0.6955000000000  -0.8438000000000  -0.0195000000000
N13     1.4112000000000   0.2572000000000   0.0835000000000
C14     2.3329000000000   1.3060000000000   0.1430000000000
O15     1.7926000000000   2.5278000000000   0.2263000000000
C16     3.6691000000000   1.1211000000000   0.1428000000000
C17     4.4361000000000  -0.1363000000000   0.0295000000000
C18     5.6944000000000  -0.2056000000000   0.6649000000000
C19     6.4596000000000  -1.3867000000000   0.6224000000000
C20     5.9750000000000  -2.5205000000000  -0.0564000000000
Cl21    6.9300000000000  -3.9599000000000  -0.0918000000000
C22     4.7190000000000  -2.4654000000000  -0.6971000000000
Cl23    4.0936000000000  -3.8352000000000  -1.5440000000000
C24     3.9574000000000  -1.2807000000000  -0.6508000000000
H25    -0.3088000000000  -1.7789000000000  -0.0357000000000
H26    -8.5993000000000   2.4817000000000   0.0541000000000
H27    -8.5670000000000   1.0326000000000  -0.9489000000000
H28    -8.5674000000000   0.8894000000000   0.8086000000000
H29    -6.3051000000000   1.9778000000000   0.8957000000000
H30    -6.3035000000000   2.1055000000000  -0.8681000000000
H31    -5.0771000000000  -2.1624000000000  -0.1772000000000
H32    -2.6748000000000  -2.6997000000000  -0.1351000000000
H33    -4.1390000000000   2.0561000000000  -0.0210000000000
H34     4.2813000000000   2.0091000000000   0.2154000000000
H35     6.0795000000000   0.6518000000000   1.1977000000000
H36     7.4198000000000  -1.4224000000000   1.1161000000000
H37     3.0101000000000  -1.2623000000000  -1.1667000000000
H38     2.5930190000000   3.2811940000000   0.2678430000000
H39     3.6633440000000   1.0278610000000   1.2287900000000
&
