MAEFILE: SM19_micro013.mae
&gen
molchg=-1
&
entry_name: SM19_micro013
&zmat
C1     -2.3695000000000   0.9268000000000   0.0042000000000
C2     -0.8612000000000   1.1863000000000   0.0284000000000
O3     -0.1833000000000  -0.0624000000000   0.0664000000000
C4      1.1951000000000  -0.0560000000000   0.0559000000000
C5      1.8427000000000  -1.3078000000000   0.0529000000000
C6      3.2483000000000  -1.3981000000000   0.0334000000000
C7      1.9864000000000   1.1185000000000   0.0458000000000
C8      3.3903000000000   1.0222000000000   0.0247000000000
C9      4.0542000000000  -0.2376000000000   0.0166000000000
S10     4.5830000000000   2.3167000000000   0.0014000000000
C11     5.8593000000000   1.0940000000000  -0.0286000000000
N12     5.4443000000000  -0.1823000000000  -0.0096000000000
N13     7.1836000000000   1.5521000000000  -0.0683000000000
C14     8.3939000000000   0.8449000000000  -0.1259000000000
O15     8.2853000000000  -0.4010000000000  -0.1743000000000
C16     9.5196000000000   1.6574000000000  -0.1434000000000
C17     9.6300000000000   3.1275000000000  -0.0379000000000
C18     8.8130000000000   3.9027000000000   0.8170000000000
C19     8.9519000000000   5.3028000000000   0.8649000000000
C20     9.9081000000000   5.9485000000000   0.0584000000000
Cl21   10.0573000000000   7.6682000000000   0.1344000000000
C22    10.7310000000000   5.1849000000000  -0.7968000000000
Cl23   11.9151000000000   5.9446000000000  -1.8002000000000
C24    10.5887000000000   3.7837000000000  -0.8387000000000
H25    -2.9257000000000   1.8642000000000  -0.0159000000000
H26    -2.6532000000000   0.3508000000000  -0.8770000000000
H27    -2.6858000000000   0.3692000000000   0.8860000000000
H28    -0.6069000000000   1.7830000000000   0.9056000000000
H29    -0.5747000000000   1.7479000000000  -0.8620000000000
H30     1.2536000000000  -2.2132000000000   0.0617000000000
H31     3.7194000000000  -2.3698000000000   0.0272000000000
H32     1.5439000000000   2.1027000000000   0.0509000000000
H33     7.2071000000000   2.5612000000000  -0.0590000000000
H34    10.4747000000000   1.1575000000000  -0.2197000000000
H35     8.0834000000000   3.4304000000000   1.4576000000000
H36     8.3233000000000   5.8811000000000   1.5258000000000
H37    11.2195000000000   3.2064000000000  -1.4991000000000
&
