MAEFILE: SM19_micro019.mae
&gen
molchg=1
&
entry_name: SM19_micro019
&zmat
C1     -7.7431000000000   2.2772000000000  -0.1791000000000
C2     -6.2371000000000   2.0089000000000  -0.2244000000000
O3     -6.0066000000000   0.6482000000000   0.1145000000000
C4     -4.7068000000000   0.1899000000000   0.1284000000000
C5     -4.5093000000000  -1.1657000000000   0.4590000000000
C6     -3.2164000000000  -1.7233000000000   0.4974000000000
C7     -3.5762000000000   0.9904000000000  -0.1655000000000
C8     -2.2862000000000   0.4294000000000  -0.1251000000000
C9     -2.0766000000000  -0.9416000000000   0.2066000000000
S10    -0.7380000000000   1.2077000000000  -0.4453000000000
C11     0.0512000000000  -0.3363000000000  -0.1175000000000
N12    -0.7486000000000  -1.3632000000000   0.2069000000000
N13     1.4638000000000  -0.4554000000000  -0.1997000000000
C14     2.2226000000000  -1.5473000000000   0.0161000000000
O15     1.7840000000000  -2.6555000000000   0.3259000000000
C16     3.7317000000000  -1.3531000000000  -0.1418000000000
C17     4.3491000000000  -0.9175000000000   1.1755000000000
C18     4.4843000000000   0.4536000000000   1.4783000000000
C19     5.0565000000000   0.8547000000000   2.7008000000000
C20     5.4986000000000  -0.1097000000000   3.6280000000000
Cl21    6.1959000000000   0.4104000000000   5.1207000000000
C22     5.3672000000000  -1.4835000000000   3.3278000000000
Cl23    5.8985000000000  -2.6912000000000   4.4432000000000
C24     4.7946000000000  -1.8824000000000   2.1035000000000
H25     0.7747000000000  -2.6100000000000   0.3940000000000
H26    -7.9618000000000   3.3139000000000  -0.4356000000000
H27    -8.2756000000000   1.6386000000000  -0.8841000000000
H28    -8.1451000000000   2.0867000000000   0.8163000000000
H29    -5.7277000000000   2.6680000000000   0.4804000000000
H30    -5.8591000000000   2.2207000000000  -1.2257000000000
H31    -5.3624000000000  -1.7884000000000   0.6860000000000
H32    -3.0976000000000  -2.7656000000000   0.7538000000000
H33    -3.6715000000000   2.0340000000000  -0.4237000000000
H34     1.9565000000000   0.3907000000000  -0.4485000000000
H35     3.9384000000000  -0.6115000000000  -0.9152000000000
H36     4.1894000000000  -2.2860000000000  -0.4743000000000
H37     4.1488000000000   1.2022000000000   0.7755000000000
H38     5.1563000000000   1.9062000000000   2.9272000000000
H39     4.6964000000000  -2.9346000000000   1.8786000000000
&
