MAEFILE: SM20_micro006.mae
&gen
&
entry_name: SM20_micro006
&zmat
S1     -3.7023000000000   4.9798000000000  -1.1158000000000
C2     -2.6780000000000   5.6312000000000  -2.3744000000000
O3     -2.9896000000000   6.9005000000000  -2.7987000000000
N4     -1.7343000000000   4.9287000000000  -2.8197000000000
C5     -1.6974000000000   3.6924000000000  -2.1847000000000
O6     -0.8995000000000   2.8172000000000  -2.5152000000000
C7     -2.7105000000000   3.5389000000000  -1.1235000000000
C8     -2.9112000000000   2.4833000000000  -0.3032000000000
C9     -2.1119000000000   1.2581000000000  -0.1306000000000
C10    -2.7750000000000   0.0161000000000  -0.0650000000000
C11    -2.0428000000000  -1.1728000000000   0.1064000000000
C12    -0.6404000000000  -1.1273000000000   0.2114000000000
C13     0.0447000000000   0.1024000000000   0.1517000000000
C14    -0.7053000000000   1.2949000000000  -0.0046000000000
O15     1.4190000000000   0.0600000000000   0.2484000000000
C16     2.1438000000000   1.2689000000000   0.0627000000000
C17     3.6408000000000   1.0173000000000   0.0501000000000
C18     4.4361000000000   1.4894000000000   1.1163000000000
C19     5.8265000000000   1.2678000000000   1.1196000000000
C20     6.4309000000000   0.5729000000000   0.0549000000000
Cl21    8.1347000000000   0.3012000000000   0.0579000000000
C22     5.6435000000000   0.1005000000000  -1.0123000000000
C23     4.2517000000000   0.3203000000000  -1.0197000000000
Cl24    3.3187000000000  -0.2720000000000  -2.3495000000000
H25    -3.7386000000000   7.1619000000000  -2.2855000000000
H26    -3.7322000000000   2.5684000000000   0.3940000000000
H27    -3.8511000000000  -0.0292000000000  -0.1499000000000
H28    -2.5567000000000  -2.1215000000000   0.1533000000000
H29    -0.0847000000000  -2.0452000000000   0.3359000000000
H30    -0.2164000000000   2.2566000000000  -0.0277000000000
H31     1.9000000000000   1.9710000000000   0.8616000000000
H32     1.8688000000000   1.7418000000000  -0.8817000000000
H33     3.9824000000000   2.0232000000000   1.9385000000000
H34     6.4276000000000   1.6315000000000   1.9399000000000
H35     6.1085000000000  -0.4320000000000  -1.8292000000000
&
