MAEFILE: SM20_micro003.mae
&gen
&
entry_name: SM20_micro003
&zmat
S1     -3.7607000000000   4.9392000000000  -1.0752000000000
C2     -2.7893000000000   5.6446000000000  -2.3232000000000
O3     -3.0131000000000   6.7635000000000  -2.7795000000000
N4     -1.8012000000000   4.8580000000000  -2.7281000000000
C5     -1.7063000000000   3.6603000000000  -2.1291000000000
O6     -0.8612000000000   2.8358000000000  -2.4712000000000
C7     -2.7333000000000   3.5001000000000  -1.0864000000000
C8     -2.9306000000000   2.4365000000000  -0.2761000000000
C9     -2.1211000000000   1.2173000000000  -0.1063000000000
C10    -2.7745000000000  -0.0305000000000  -0.0518000000000
C11    -2.0335000000000  -1.2154000000000   0.1104000000000
C12    -0.6317000000000  -1.1598000000000   0.2177000000000
C13     0.0440000000000   0.0757000000000   0.1699000000000
C14    -0.7150000000000   1.2637000000000   0.0227000000000
O15     1.4183000000000   0.0433000000000   0.2675000000000
C16     2.1338000000000   1.2581000000000   0.0848000000000
C17     3.6325000000000   1.0172000000000   0.0594000000000
C18     4.4332000000000   1.4928000000000   1.1199000000000
C19     5.8256000000000   1.2834000000000   1.1097000000000
C20     6.4262000000000   0.5963000000000   0.0381000000000
Cl21    8.1320000000000   0.3388000000000   0.0250000000000
C22     5.6333000000000   0.1203000000000  -1.0236000000000
C23     4.2396000000000   0.3285000000000  -1.0180000000000
Cl24    3.2996000000000  -0.2676000000000  -2.3412000000000
H25    -1.1676000000000   5.1361000000000  -3.4632000000000
H26    -3.7614000000000   2.5065000000000   0.4111000000000
H27    -3.8500000000000  -0.0836000000000  -0.1397000000000
H28    -2.5401000000000  -2.1685000000000   0.1475000000000
H29    -0.0692000000000  -2.0747000000000   0.3341000000000
H30    -0.2329000000000   2.2291000000000   0.0083000000000
H31     1.8897000000000   1.9527000000000   0.8902000000000
H32     1.8495000000000   1.7349000000000  -0.8549000000000
H33     3.9828000000000   2.0206000000000   1.9478000000000
H34     6.4313000000000   1.6512000000000   1.9250000000000
H35     6.0953000000000  -0.4057000000000  -1.8463000000000
&
