MAEFILE: SM21_micro021.mae
&gen
molchg=-2
&
entry_name: SM21_micro021
&zmat
C1      0.1320000000000   3.0005000000000   0.0000000000000
C2     -0.6274000000000   4.1874000000000  -0.0000000000000
Br3     0.2499000000000   5.8766000000000  -0.0000000000000
C4     -2.0306000000000   4.1298000000000  -0.0000000000000
C5     -2.6683000000000   2.8792000000000  -0.0000000000000
C6     -1.9008000000000   1.6991000000000  -0.0000000000000
C7     -0.4857000000000   1.7190000000000  -0.0000000000000
N8      0.1209000000000   0.5084000000000  -0.0000000000000
C9      1.4365000000000   0.1932000000000  -0.0000000000000
C10     1.7816000000000  -1.1780000000000  -0.0000000000000
F11     0.8386000000000  -2.1528000000000  -0.0000000000000
C12     3.1474000000000  -1.5081000000000  -0.0000000000000
N13     4.1036000000000  -0.5607000000000   0.0000000000000
C14     3.7255000000000   0.7223000000000   0.0000000000000
N15     2.4419000000000   1.1035000000000   0.0000000000000
N16     4.6195000000000   1.7447000000000   0.0001000000000
C17     5.9746000000000   1.7328000000000   0.0000000000000
C18     6.5976000000000   3.0037000000000  -0.0000000000000
C19     7.9972000000000   3.1546000000000  -0.0000000000000
C20     8.8243000000000   2.0204000000000  -0.0000000000000
C21     8.2408000000000   0.7429000000000  -0.0000000000000
Br22    9.3489000000000  -0.8048000000000  -0.0000000000000
C23     6.8389000000000   0.6025000000000   0.0000000000000
H24     1.2002000000000   3.1288000000000   0.0000000000000
H25    -2.6140000000000   5.0384000000000  -0.0000000000000
H26    -3.7466000000000   2.8221000000000  -0.0000000000000
H27    -2.4214000000000   0.7516000000000  -0.0000000000000
H28     3.4744000000000  -2.5373000000000  -0.0000000000000
H29     5.9879000000000   3.8966000000000   0.0000000000000
H30     8.4335000000000   4.1425000000000  -0.0000000000000
H31     9.8986000000000   2.1301000000000  -0.0000000000000
H32     6.4716000000000  -0.4085000000000   0.0000000000000
&
