MAEFILE: SM21_micro003.mae
&gen
&
entry_name: SM21_micro003
&zmat
C1     -0.2683000000000   2.5665000000000  -0.2090000000000
C2     -1.1972000000000   3.6247000000000  -0.1729000000000
Br3    -0.7542000000000   5.3033000000000  -0.9521000000000
C4     -2.4537000000000   3.4403000000000   0.4345000000000
C5     -2.7825000000000   2.1943000000000   1.0009000000000
C6     -1.8534000000000   1.1364000000000   0.9644000000000
C7     -0.5864000000000   1.3155000000000   0.3707000000000
N8      0.2948000000000   0.2236000000000   0.3446000000000
C9      1.6315000000000   0.2105000000000  -0.0319000000000
C10     2.5310000000000   1.0777000000000   0.4927000000000
F11     2.1792000000000   1.9925000000000   1.4132000000000
C12     3.9406000000000   0.9888000000000   0.0505000000000
N13     4.3521000000000   0.1359000000000  -0.8103000000000
C14     3.4334000000000  -0.7736000000000  -1.3648000000000
N15     2.0913000000000  -0.7375000000000  -0.9427000000000
N16     3.8232000000000  -1.6372000000000  -2.2517000000000
C17     2.9005000000000  -2.5181000000000  -2.8277000000000
C18     2.8975000000000  -3.8765000000000  -2.4453000000000
C19     1.9840000000000  -4.7767000000000  -3.0274000000000
C20     1.0722000000000  -4.3251000000000  -4.0008000000000
C21     1.0774000000000  -2.9736000000000  -4.3961000000000
Br22   -0.1519000000000  -2.3615000000000  -5.7134000000000
C23     1.9924000000000  -2.0738000000000  -3.8160000000000
H24     1.4084000000000  -1.3808000000000  -1.3164000000000
H25     0.6830000000000   2.7259000000000  -0.6942000000000
H26    -3.1663000000000   4.2515000000000   0.4620000000000
H27    -3.7479000000000   2.0488000000000   1.4628000000000
H28    -2.1171000000000   0.1839000000000   1.4010000000000
H29    -0.1552000000000  -0.6774000000000   0.4205000000000
H30     4.6200000000000   1.7081000000000   0.5145000000000
H31     3.5956000000000  -4.2311000000000  -1.7005000000000
H32     1.9837000000000  -5.8142000000000  -2.7276000000000
H33     0.3717000000000  -5.0162000000000  -4.4460000000000
H34     1.9934000000000  -1.0388000000000  -4.1262000000000
&
