MAEFILE: SM21_micro032.mae
&gen
molchg=3
&
entry_name: SM21_micro032
&zmat
C1     -0.6182000000000   0.6022000000000   0.7355000000000
C2     -1.7846000000000   0.7043000000000  -0.0474000000000
Br3    -2.9803000000000  -0.7711000000000  -0.1622000000000
C4     -2.0630000000000   1.8964000000000  -0.7478000000000
C5     -1.1757000000000   2.9900000000000  -0.6695000000000
C6     -0.0049000000000   2.8954000000000   0.1084000000000
C7      0.2617000000000   1.6996000000000   0.8021000000000
N8      1.5128000000000   1.5895000000000   1.6271000000000
C9      2.6491000000000   0.9717000000000   0.8638000000000
C10     3.6326000000000   1.7323000000000   0.2007000000000
F11     3.6062000000000   3.0859000000000   0.2135000000000
C12     4.6443000000000   1.0239000000000  -0.4829000000000
N13     4.6259000000000  -0.3320000000000  -0.4708000000000
C14     3.6722000000000  -1.0447000000000   0.1799000000000
N15     2.6906000000000  -0.3780000000000   0.8371000000000
N16     3.7161000000000  -2.4463000000000   0.1172000000000
C17     2.8584000000000  -3.3872000000000   0.7105000000000
C18     2.6707000000000  -4.6210000000000   0.0517000000000
C19     1.8259000000000  -5.6058000000000   0.6000000000000
C20     1.1671000000000  -5.3689000000000   1.8207000000000
C21     1.3628000000000  -4.1498000000000   2.4962000000000
Br22    0.4883000000000  -3.8276000000000   4.1548000000000
C23     2.2091000000000  -3.1664000000000   1.9485000000000
H24     1.7848000000000   2.5094000000000   1.9451000000000
H25     1.3225000000000   1.0429000000000   2.4550000000000
H26     5.3589000000000  -0.8344000000000  -0.9723000000000
H27     1.9661000000000  -0.9092000000000   1.3199000000000
H28    -0.4028000000000  -0.3100000000000   1.2727000000000
H29    -2.9587000000000   1.9729000000000  -1.3471000000000
H30    -1.3945000000000   3.9007000000000  -1.2075000000000
H31     0.6764000000000   3.7316000000000   0.1682000000000
H32     5.4510000000000   1.4877000000000  -1.0312000000000
H33     4.3853000000000  -2.8285000000000  -0.5361000000000
H34     3.1693000000000  -4.8171000000000  -0.8867000000000
H35     1.6831000000000  -6.5439000000000   0.0839000000000
H36     0.5189000000000  -6.1242000000000   2.2408000000000
H37     2.3598000000000  -2.2549000000000   2.5054000000000
&
