MAEFILE: SM21_micro012.mae
&gen
molchg=-1
&
entry_name: SM21_micro012
&zmat
C1     -0.4484000000000   3.0695000000000  -0.4454000000000
C2     -1.0906000000000   4.2964000000000  -0.1891000000000
Br3    -0.6027000000000   5.8483000000000  -1.1764000000000
C4     -2.0950000000000   4.3743000000000   0.7945000000000
C5     -2.4607000000000   3.2230000000000   1.5175000000000
C6     -1.8195000000000   1.9956000000000   1.2598000000000
C7     -0.8036000000000   1.9132000000000   0.2849000000000
N8     -0.1924000000000   0.6760000000000   0.0450000000000
C9      1.1133000000000   0.2939000000000  -0.2047000000000
N10     2.0549000000000   1.2405000000000  -0.2519000000000
C11     3.3182000000000   0.8256000000000  -0.4792000000000
C12     3.6307000000000  -0.5360000000000  -0.6583000000000
F13     4.9084000000000  -0.9295000000000  -0.8826000000000
C14     2.5627000000000  -1.4635000000000  -0.5965000000000
N15     1.3055000000000  -1.0180000000000  -0.3548000000000
N16     2.7697000000000  -2.7778000000000  -0.7643000000000
C17     2.6703000000000  -3.2874000000000  -2.0011000000000
C18     3.8180000000000  -3.4607000000000  -2.8069000000000
C19     3.7196000000000  -3.9933000000000  -4.1069000000000
C20     2.4646000000000  -4.3650000000000  -4.6220000000000
C21     1.3119000000000  -4.2053000000000  -3.8316000000000
Br22   -0.3907000000000  -4.7060000000000  -4.5193000000000
C23     1.4181000000000  -3.6737000000000  -2.5314000000000
H24     0.3118000000000   3.0226000000000  -1.2110000000000
H25    -2.5873000000000   5.3152000000000   0.9921000000000
H26    -3.2335000000000   3.2811000000000   2.2698000000000
H27    -2.1076000000000   1.1173000000000   1.8195000000000
H28    -0.7961000000000  -0.1111000000000   0.2326000000000
H29     4.0853000000000   1.5848000000000  -0.5169000000000
H30     4.7898000000000  -3.1798000000000  -2.4269000000000
H31     4.6085000000000  -4.1147000000000  -4.7081000000000
H32     2.3873000000000  -4.7720000000000  -5.6193000000000
H33     0.5238000000000  -3.5567000000000  -1.9361000000000
&
