MAEFILE: SM21_micro015.mae
&gen
molchg=-1
&
entry_name: SM21_micro015
&zmat
C1     -0.6394000000000   2.9300000000000  -0.3429000000000
C2     -1.5691000000000   3.8801000000000   0.1229000000000
Br3    -1.4771000000000   5.6793000000000  -0.4895000000000
C4     -2.5675000000000   3.4978000000000   1.0397000000000
C5     -2.6372000000000   2.1648000000000   1.4881000000000
C6     -1.7059000000000   1.2152000000000   1.0244000000000
C7     -0.6964000000000   1.5959000000000   0.1165000000000
N8      0.2045000000000   0.6327000000000  -0.3516000000000
C9      1.5897000000000   0.5169000000000  -0.3970000000000
C10     2.3943000000000   1.5036000000000   0.3104000000000
F11     1.8725000000000   2.5153000000000   1.0237000000000
C12     3.7299000000000   1.3540000000000   0.2313000000000
N13     4.3158000000000   0.3159000000000  -0.4799000000000
C14     3.5038000000000  -0.6205000000000  -1.1261000000000
N15     2.0995000000000  -0.4811000000000  -1.0589000000000
N16     4.1381000000000  -1.5654000000000  -1.7449000000000
C17     3.3986000000000  -2.5366000000000  -2.4271000000000
C18     3.3134000000000  -3.8434000000000  -1.9009000000000
C19     2.5847000000000  -4.8385000000000  -2.5812000000000
C20     1.9423000000000  -4.5350000000000  -3.7967000000000
C21     2.0336000000000  -3.2369000000000  -4.3348000000000
Br22    1.1702000000000  -2.8255000000000  -5.9800000000000
C23     2.7642000000000  -2.2423000000000  -3.6561000000000
H24     0.1201000000000   3.2283000000000  -1.0510000000000
H25    -3.2822000000000   4.2250000000000   1.3960000000000
H26    -3.4060000000000   1.8698000000000   2.1868000000000
H27    -1.7678000000000   0.1936000000000   1.3705000000000
H28     4.4302000000000   2.0185000000000   0.7149000000000
H29     3.8039000000000  -4.0851000000000  -0.9692000000000
H30     2.5190000000000  -5.8351000000000  -2.1702000000000
H31     1.3826000000000  -5.2986000000000  -4.3165000000000
H32     2.8322000000000  -1.2496000000000  -4.0771000000000
H33     1.4926240000000  -1.1455440000000  -1.5175030000000
&
