MAEFILE: SM21_micro028.mae
&gen
molchg=2
&
entry_name: SM21_micro028
&zmat
C1     -0.8424000000000   2.3621000000000  -0.9693000000000
C2     -1.2266000000000   3.5768000000000  -0.3680000000000
Br3    -1.6266000000000   5.0875000000000  -1.4528000000000
C4     -1.3141000000000   3.6733000000000   1.0362000000000
C5     -1.0188000000000   2.5566000000000   1.8451000000000
C6     -0.6325000000000   1.3384000000000   1.2524000000000
C7     -0.5459000000000   1.2555000000000  -0.1510000000000
N8     -0.1325000000000  -0.0413000000000  -0.7894000000000
C9      1.3593000000000  -0.2257000000000  -0.8057000000000
C10     2.1772000000000   0.3704000000000  -1.7805000000000
F11     1.6702000000000   1.1510000000000  -2.7637000000000
C12     3.5534000000000   0.1097000000000  -1.6735000000000
N13     4.0424000000000  -0.6714000000000  -0.6865000000000
C14     3.2020000000000  -1.2170000000000   0.2077000000000
N15     1.8745000000000  -1.0088000000000   0.1729000000000
N16     3.6962000000000  -2.0111000000000   1.2283000000000
C17     4.9884000000000  -2.3945000000000   1.6119000000000
C18     5.9870000000000  -2.7122000000000   0.6635000000000
C19     7.2710000000000  -3.1052000000000   1.0887000000000
C20     7.5639000000000  -3.1899000000000   2.4629000000000
C21     6.5700000000000  -2.8859000000000   3.4123000000000
Br22    6.9599000000000  -3.0051000000000   5.2707000000000
C23     5.2857000000000  -2.4935000000000   2.9871000000000
H24    -0.5659000000000  -0.8109000000000  -0.3000000000000
H25    -0.4804000000000  -0.0694000000000  -1.7375000000000
H26     1.2594000000000  -1.4340000000000   0.8669000000000
H27    -0.7747000000000   2.2858000000000  -2.0448000000000
H28    -1.6090000000000   4.6061000000000   1.4949000000000
H29    -1.0887000000000   2.6364000000000   2.9201000000000
H30    -0.4051000000000   0.4825000000000   1.8711000000000
H31     4.2618000000000   0.5258000000000  -2.3745000000000
H32     3.0007000000000  -2.2370000000000   1.9244000000000
H33     5.7781000000000  -2.6676000000000  -0.3949000000000
H34     8.0311000000000  -3.3454000000000   0.3598000000000
H35     8.5489000000000  -3.4921000000000   2.7877000000000
H36     4.5301000000000  -2.2636000000000   3.7244000000000
&
