MAEFILE: SM21_micro027.mae
&gen
molchg=2
&
entry_name: SM21_micro027
&zmat
C1     -1.3058000000000   1.3344000000000   0.5242000000000
C2     -2.0683000000000   2.4614000000000   0.8891000000000
Br3    -2.9230000000000   2.5195000000000   2.5874000000000
C4     -2.1933000000000   3.5483000000000  -0.0005000000000
C5     -1.5515000000000   3.5170000000000  -1.2554000000000
C6     -0.7826000000000   2.3967000000000  -1.6266000000000
C7     -0.6659000000000   1.3161000000000  -0.7308000000000
N8      0.1719000000000   0.1255000000000  -1.1242000000000
C9      1.5144000000000   0.0940000000000  -0.4900000000000
C10     2.0806000000000  -1.2312000000000  -0.1685000000000
F11     1.3861000000000  -2.3464000000000  -0.4490000000000
C12     3.2931000000000  -1.3276000000000   0.4043000000000
N13     3.9822000000000  -0.1629000000000   0.6858000000000
C14     3.4121000000000   1.0271000000000   0.3805000000000
N15     2.1898000000000   1.1390000000000  -0.2152000000000
N16     4.1647000000000   2.1011000000000   0.7079000000000
C17     3.7272000000000   3.4598000000000   0.4982000000000
C18     4.6121000000000   4.3656000000000  -0.1187000000000
C19     4.2112000000000   5.7009000000000  -0.3222000000000
C20     2.9353000000000   6.1281000000000   0.0977000000000
C21     2.0603000000000   5.2233000000000   0.7314000000000
Br22    0.3413000000000   5.7999000000000   1.3080000000000
C23     2.4572000000000   3.8887000000000   0.9405000000000
H24    -0.3152000000000  -0.7252000000000  -0.8791000000000
H25     0.2923000000000   0.1144000000000  -2.1270000000000
H26     4.8940000000000  -0.1178000000000   1.1190000000000
H27     5.1478000000000   1.9165000000000   0.8507000000000
H28    -1.2076000000000   0.5013000000000   1.2047000000000
H29    -2.7783000000000   4.4114000000000   0.2827000000000
H30    -1.6476000000000   4.3546000000000  -1.9307000000000
H31    -0.2863000000000   2.3731000000000  -2.5859000000000
H32     3.7860000000000  -2.2502000000000   0.6744000000000
H33     5.5912000000000   4.0429000000000  -0.4423000000000
H34     4.8829000000000   6.3987000000000  -0.8005000000000
H35     2.6309000000000   7.1524000000000  -0.0611000000000
H36     1.7863000000000   3.2065000000000   1.4416000000000
&
