MAEFILE: SM21_micro002.mae
&gen
molchg=1
&
entry_name: SM21_micro002
&zmat
C1      0.1899000000000   2.2479000000000  -0.0244000000000
C2     -1.1249000000000   1.8731000000000  -0.3652000000000
Br3    -1.9441000000000   2.5967000000000  -1.9225000000000
C4     -1.8327000000000   0.9603000000000   0.4447000000000
C5     -1.2306000000000   0.4199000000000   1.5996000000000
C6      0.0827000000000   0.7904000000000   1.9486000000000
C7      0.7811000000000   1.6987000000000   1.1290000000000
N8      2.1926000000000   2.0778000000000   1.4889000000000
C9      3.2477000000000   1.2432000000000   0.7769000000000
N10     4.2856000000000   1.9205000000000   0.2887000000000
C11     5.2379000000000   1.1750000000000  -0.3163000000000
C12     5.1297000000000  -0.2295000000000  -0.4197000000000
F13     6.0867000000000  -0.9635000000000  -1.0363000000000
C14     3.9790000000000  -0.8300000000000   0.1399000000000
N15     3.0348000000000  -0.0725000000000   0.7431000000000
N16     3.8030000000000  -2.2199000000000   0.0367000000000
C17     2.7003000000000  -3.0083000000000   0.4089000000000
C18     2.4179000000000  -4.1540000000000  -0.3649000000000
C19     1.3224000000000  -4.9816000000000  -0.0498000000000
C20     0.4995000000000  -4.6736000000000   1.0495000000000
C21     0.7829000000000  -3.5446000000000   1.8404000000000
Br22   -0.3211000000000  -3.1204000000000   3.3312000000000
C23     1.8840000000000  -2.7241000000000   1.5303000000000
H24     2.3517000000000   3.0490000000000   1.2630000000000
H25     2.3272000000000   1.9777000000000   2.4845000000000
H26     0.7360000000000   2.9433000000000  -0.6450000000000
H27    -2.8399000000000   0.6734000000000   0.1801000000000
H28    -1.7755000000000  -0.2802000000000   2.2160000000000
H29     0.5481000000000   0.3728000000000   2.8295000000000
H30     6.0892000000000   1.7012000000000  -0.7224000000000
H31     4.4763000000000  -2.6805000000000  -0.5595000000000
H32     3.0372000000000  -4.3997000000000  -1.2158000000000
H33     1.1114000000000  -5.8513000000000  -0.6546000000000
H34    -0.3435000000000  -5.3056000000000   1.2879000000000
H35     2.0892000000000  -1.8845000000000   2.1756000000000
&
