MAEFILE: SM21_micro034.mae
&gen
molchg=3
&
entry_name: SM21_micro034
&zmat
C1      0.1913000000000   2.9374000000000  -0.0007000000000
C2     -0.6344000000000   4.0799000000000  -0.0007000000000
Br3     0.1526000000000   5.8122000000000  -0.0015000000000
C4     -2.0357000000000   3.9461000000000  -0.0001000000000
C5     -2.6181000000000   2.6653000000000   0.0006000000000
C6     -1.7990000000000   1.5202000000000   0.0006000000000
C7     -0.3943000000000   1.6481000000000   0.0000000000000
N8      0.3652000000000   0.3210000000000   0.0001000000000
C9      1.8613000000000   0.2100000000000   0.0002000000000
N10     2.7067000000000   1.2607000000000   0.0009000000000
C11     4.0751000000000   1.0857000000000   0.0008000000000
C12     4.5566000000000  -0.1640000000000   0.0001000000000
F13     5.8878000000000  -0.3494000000000  -0.0001000000000
C14     3.6871000000000  -1.2760000000000  -0.0005000000000
N15     2.3600000000000  -1.0442000000000  -0.0004000000000
N16     4.2436000000000  -2.5122000000000  -0.0015000000000
C17     3.6018000000000  -3.8157000000000  -0.0010000000000
C18     4.4810000000000  -4.9191000000000  -0.0003000000000
C19     3.9775000000000  -6.2341000000000  -0.0000000000000
C20     2.5880000000000  -6.4551000000000  -0.0003000000000
C21     1.7042000000000  -5.3599000000000  -0.0010000000000
Br22   -0.1755000000000  -5.6545000000000  -0.0013000000000
C23     2.2034000000000  -4.0422000000000  -0.0014000000000
H24     0.0402000000000  -0.2023000000000   0.8013000000000
H25     0.0403000000000  -0.2023000000000  -0.8013000000000
H26     2.2585000000000   2.1659000000000   0.0013000000000
H27     1.7269000000000  -1.8312000000000  -0.0009000000000
H28     1.2496000000000   3.1168000000000  -0.0014000000000
H29    -2.6643000000000   4.8250000000000  -0.0001000000000
H30    -3.6935000000000   2.5619000000000   0.0010000000000
H31    -2.2583000000000   0.5421000000000   0.0011000000000
H32     4.6721000000000   1.9863000000000   0.0013000000000
H33     5.2546000000000  -2.4972000000000  -0.0016000000000
H34     5.5506000000000  -4.7647000000000  -0.0001000000000
H35     4.6574000000000  -7.0736000000000   0.0004000000000
H36     2.2016000000000  -7.4640000000000  -0.0001000000000
H37     1.4724000000000  -3.2549000000000  -0.0020000000000
&
