MAEFILE: SM21_micro036.mae
&gen
molchg=4
&
entry_name: SM21_micro036
&zmat
C1     -0.8843000000000   2.9936000000000   0.8733000000000
C2     -0.9428000000000   4.3143000000000   0.3864000000000
Br3    -1.2823000000000   5.7522000000000   1.5848000000000
C4     -0.7486000000000   4.5697000000000  -0.9868000000000
C5     -0.4975000000000   3.5065000000000  -1.8786000000000
C6     -0.4355000000000   2.1829000000000  -1.4000000000000
C7     -0.6259000000000   1.9414000000000  -0.0257000000000
N8     -0.5589000000000   0.5290000000000   0.4919000000000
C9      0.8509000000000   0.0590000000000   0.7421000000000
C10     1.6110000000000   0.4716000000000   1.8610000000000
F11     1.1054000000000   1.3328000000000   2.7741000000000
C12     2.9208000000000  -0.0463000000000   1.9987000000000
N13     3.3919000000000  -0.9133000000000   1.0692000000000
C14     2.6259000000000  -1.2884000000000   0.0170000000000
N15     1.3703000000000  -0.8113000000000  -0.1557000000000
N16     3.1911000000000  -2.2560000000000  -0.9918000000000
C17     2.9075000000000  -3.6932000000000  -0.6441000000000
C18     3.8367000000000  -4.4111000000000   0.1328000000000
C19     3.5618000000000  -5.7527000000000   0.4637000000000
C20     2.3702000000000  -6.3610000000000   0.0178000000000
C21     1.4492000000000  -5.6318000000000  -0.7623000000000
Br22   -0.1594000000000  -6.4547000000000  -1.3573000000000
C23     1.7165000000000  -4.2902000000000  -1.0993000000000
H24    -1.0874000000000   0.4720000000000   1.3520000000000
H25    -1.0189000000000  -0.0868000000000  -0.1640000000000
H26     4.3361000000000  -1.2882000000000   1.1666000000000
H27     0.8153000000000  -1.1091000000000  -0.9583000000000
H28     2.8141000000000  -2.0562000000000  -1.9081000000000
H29     4.1910000000000  -2.1262000000000  -1.0651000000000
H30    -1.0357000000000   2.7971000000000   1.9249000000000
H31    -0.7953000000000   5.5833000000000  -1.3581000000000
H32    -0.3547000000000   3.7089000000000  -2.9302000000000
H33    -0.2469000000000   1.3691000000000  -2.0849000000000
H34     3.5926000000000   0.1995000000000   2.8086000000000
H35     4.7508000000000  -3.9467000000000   0.4735000000000
H36     4.2643000000000  -6.3178000000000   1.0589000000000
H37     2.1638000000000  -7.3901000000000   0.2741000000000
H38     1.0115000000000  -3.7331000000000  -1.6991000000000
&
