MAEFILE: SM21_micro001.mae
&gen
molchg=1
&
entry_name: SM21_micro001
&zmat
C1     -0.2870000000000   3.2491000000000   0.1440000000000
C2     -1.1411000000000   4.2430000000000  -0.3724000000000
Br3    -0.5646000000000   6.0557000000000  -0.4271000000000
C4     -2.4207000000000   3.8958000000000  -0.8467000000000
C5     -2.8471000000000   2.5547000000000  -0.7998000000000
C6     -1.9927000000000   1.5608000000000  -0.2835000000000
C7     -0.7054000000000   1.8997000000000   0.1819000000000
N8      0.1165000000000   0.8901000000000   0.6997000000000
C9      1.4550000000000   0.5662000000000   0.5268000000000
N10     2.1919000000000   1.3924000000000  -0.3192000000000
C11     3.5277000000000   1.0862000000000  -0.5043000000000
C12     4.0857000000000   0.0224000000000   0.1055000000000
F13     5.3872000000000  -0.2450000000000  -0.0962000000000
C14     3.3084000000000  -0.8256000000000   0.9596000000000
N15     1.9861000000000  -0.4673000000000   1.1171000000000
N16     3.7945000000000  -1.8571000000000   1.5745000000000
C17     3.2131000000000  -2.8844000000000   2.4180000000000
C18     4.0850000000000  -3.5534000000000   3.3014000000000
C19     3.5923000000000  -4.5706000000000   4.1417000000000
C20     2.2307000000000  -4.9275000000000   4.0935000000000
C21     1.3613000000000  -4.2724000000000   3.1995000000000
Br22   -0.4744000000000  -4.7675000000000   3.1226000000000
C23     1.8485000000000  -3.2543000000000   2.3567000000000
H24     1.8051000000000   2.1950000000000  -0.7961000000000
H25     4.8013000000000  -1.9464000000000   1.4811000000000
H26     0.6873000000000   3.5308000000000   0.5157000000000
H27    -3.0763000000000   4.6573000000000  -1.2429000000000
H28    -3.8300000000000   2.2878000000000  -1.1594000000000
H29    -2.3294000000000   0.5347000000000  -0.2506000000000
H30    -0.4466000000000   0.1904000000000   1.1625000000000
H31     4.0639000000000   1.7574000000000  -1.1590000000000
H32     5.1311000000000  -3.2868000000000   3.3450000000000
H33     4.2591000000000  -5.0783000000000   4.8232000000000
H34     1.8549000000000  -5.7081000000000   4.7387000000000
H35     1.1635000000000  -2.7880000000000   1.6661000000000
&
