MAEFILE: SM21_micro035.mae
&gen
molchg=3
&
entry_name: SM21_micro035
&zmat
C1      0.0455000000000   2.9593000000000   0.0000000000000
C2     -0.6548000000000   4.1820000000000  -0.0000000000000
Br3     0.3108000000000   5.8217000000000  -0.0000000000000
C4     -2.0621000000000   4.1965000000000  -0.0000000000000
C5     -2.7759000000000   2.9843000000000  -0.0000000000000
C6     -2.0817000000000   1.7596000000000   0.0000000000000
C7     -0.6711000000000   1.7358000000000   0.0000000000000
N8     -0.0697000000000   0.3269000000000   0.0000000000000
C9      1.4243000000000   0.0138000000000  -0.0000000000000
C10     1.8184000000000  -1.3346000000000  -0.0000000000000
F11     0.9137000000000  -2.3420000000000  -0.0000000000000
C12     3.2031000000000  -1.5894000000000  -0.0000000000000
N13     4.0868000000000  -0.5584000000000  -0.0000000000000
C14     3.6315000000000   0.7044000000000   0.0000000000000
N15     2.3275000000000   1.0138000000000   0.0000000000000
N16     4.5777000000000   1.9220000000000   0.0000000000000
C17     6.1042000000000   1.8326000000000   0.0000000000000
C18     6.7616000000000   3.0805000000000  -0.0000000000000
C19     8.1680000000000   3.1453000000000  -0.0000000000000
C20     8.9261000000000   1.9600000000000   0.0000000000000
C21     8.2761000000000   0.7113000000000   0.0000000000000
Br22    9.3012000000000  -0.8915000000000   0.0000000000000
C23     6.8687000000000   0.6399000000000   0.0000000000000
H24    -0.4641000000000  -0.1544000000000   0.7957000000000
H25    -0.4641000000000  -0.1544000000000  -0.7957000000000
H26     5.0865000000000  -0.7613000000000  -0.0000000000000
H27     4.3150000000000   2.4806000000000  -0.7997000000000
H28     4.3150000000000   2.4806000000000   0.7997000000000
H29     1.1164000000000   3.0316000000000   0.0000000000000
H30    -2.5946000000000   5.1364000000000  -0.0000000000000
H31    -3.8561000000000   2.9940000000000   0.0000000000000
H32    -2.6421000000000   0.8355000000000   0.0000000000000
H33     3.6326000000000  -2.5806000000000  -0.0000000000000
H34     6.1905000000000   3.9976000000000  -0.0000000000000
H35     8.6656000000000   4.1042000000000  -0.0000000000000
H36    10.0056000000000   2.0093000000000   0.0000000000000
H37     6.4431000000000  -0.3457000000000   0.0000000000000
&
