MAEFILE: SM21_micro030.mae
&gen
molchg=2
&
entry_name: SM21_micro030
&zmat
C1     -0.2288000000000   3.1476000000000   0.4570000000000
C2     -1.1350000000000   3.9389000000000  -0.2760000000000
Br3    -0.7822000000000   5.7905000000000  -0.5348000000000
C4     -2.3007000000000   3.3592000000000  -0.8181000000000
C5     -2.5654000000000   1.9867000000000  -0.6297000000000
C6     -1.6638000000000   1.1874000000000   0.1005000000000
C7     -0.5024000000000   1.7776000000000   0.6346000000000
N8      0.4622000000000   0.9261000000000   1.4119000000000
C9      1.6771000000000   0.5149000000000   0.5955000000000
N10     1.5938000000000  -0.5984000000000  -0.1462000000000
C11     2.6787000000000  -0.9838000000000  -0.8627000000000
C12     3.8630000000000  -0.2211000000000  -0.8297000000000
F13     4.9607000000000  -0.6366000000000  -1.5052000000000
C14     3.8567000000000   0.9525000000000  -0.0400000000000
N15     2.7647000000000   1.2882000000000   0.6801000000000
N16     4.9664000000000   1.7946000000000   0.1143000000000
C17     5.9764000000000   2.0916000000000  -0.8122000000000
C18     7.2269000000000   2.5285000000000  -0.3274000000000
C19     8.2641000000000   2.8573000000000  -1.2219000000000
C20     8.0540000000000   2.7630000000000  -2.6105000000000
C21     6.8029000000000   2.3470000000000  -3.1034000000000
Br22    6.5080000000000   2.2333000000000  -4.9798000000000
C23     5.7658000000000   2.0189000000000  -2.2087000000000
H24     0.7811000000000   1.4335000000000   2.2252000000000
H25    -0.0053000000000   0.0949000000000   1.7446000000000
H26     0.7439000000000  -1.1625000000000  -0.1728000000000
H27     0.6653000000000   3.5893000000000   0.8724000000000
H28    -2.9946000000000   3.9685000000000  -1.3792000000000
H29    -3.4610000000000   1.5486000000000  -1.0460000000000
H30    -1.8658000000000   0.1360000000000   0.2452000000000
H31     2.5702000000000  -1.8978000000000  -1.4283000000000
H32     4.9882000000000   2.3413000000000   0.9631000000000
H33     7.4004000000000   2.6071000000000   0.7364000000000
H34     9.2211000000000   3.1834000000000  -0.8420000000000
H35     8.8497000000000   3.0157000000000  -3.2957000000000
H36     4.8080000000000   1.7193000000000  -2.6071000000000
&
