MAEFILE: SM21_micro026.mae
&gen
molchg=2
&
entry_name: SM21_micro026
&zmat
C1     -0.6635000000000   0.8166000000000  -0.2615000000000
C2     -2.0692000000000   0.7365000000000  -0.3146000000000
Br3    -3.0544000000000   2.0027000000000  -1.3375000000000
C4     -2.7453000000000  -0.2813000000000   0.3874000000000
C5     -2.0189000000000  -1.2165000000000   1.1509000000000
C6     -0.6136000000000  -1.1411000000000   1.2080000000000
C7      0.0608000000000  -0.1321000000000   0.4863000000000
N8      1.4994000000000  -0.0236000000000   0.5237000000000
C9      2.3277000000000  -1.0634000000000   0.2721000000000
C10     3.7229000000000  -0.8555000000000   0.2732000000000
F11     4.2227000000000   0.3645000000000   0.5338000000000
C12     4.5642000000000  -1.8664000000000   0.0138000000000
N13     4.0327000000000  -3.1129000000000  -0.2554000000000
C14     2.7005000000000  -3.3215000000000  -0.2654000000000
N15     1.8620000000000  -2.2980000000000   0.0002000000000
N16     2.2573000000000  -4.5717000000000  -0.5261000000000
C17     0.8607000000000  -4.9340000000000  -0.4914000000000
C18    -0.1050000000000  -4.1914000000000  -1.2056000000000
C19    -1.4590000000000  -4.5752000000000  -1.1505000000000
C20    -1.8426000000000  -5.7032000000000  -0.3984000000000
C21    -0.8725000000000  -6.4544000000000   0.2948000000000
Br22   -1.3933000000000  -7.9834000000000   1.3000000000000
C23     0.4832000000000  -6.0737000000000   0.2452000000000
H24     4.5887000000000  -3.9317000000000  -0.4604000000000
H25     0.8651000000000  -2.4613000000000  -0.0046000000000
H26     2.9537000000000  -5.2999000000000  -0.4482000000000
H27    -0.1489000000000   1.5983000000000  -0.8016000000000
H28    -3.8232000000000  -0.3410000000000   0.3464000000000
H29    -2.5416000000000  -1.9884000000000   1.6966000000000
H30    -0.0676000000000  -1.8525000000000   1.8100000000000
H31     1.9282000000000   0.8880000000000   0.4382000000000
H32     5.6420000000000  -1.7941000000000  -0.0060000000000
H33     0.1801000000000  -3.3365000000000  -1.8010000000000
H34    -2.2040000000000  -4.0087000000000  -1.6898000000000
H35    -2.8815000000000  -5.9968000000000  -0.3597000000000
H36     1.2237000000000  -6.6525000000000   0.7783000000000
&
