MAEFILE: SM21_micro033.mae
&gen
molchg=3
&
entry_name: SM21_micro033
&zmat
C1     -1.9199000000000   1.2943000000000  -0.0007000000000
C2     -3.0351000000000   2.1531000000000  -0.0005000000000
Br3    -4.7946000000000   1.4291000000000  -0.0012000000000
C4     -2.8459000000000   3.5459000000000   0.0001000000000
C5     -1.5412000000000   4.0709000000000   0.0009000000000
C6     -0.4225000000000   3.2133000000000   0.0012000000000
C7     -0.6053000000000   1.8102000000000   0.0001000000000
N8      0.4576000000000   0.7047000000000  -0.0001000000000
C9      1.9915000000000   0.8044000000000  -0.0001000000000
C10     2.8736000000000   1.9187000000000  -0.0011000000000
F11     2.5031000000000   3.2089000000000  -0.0029000000000
C12     4.2510000000000   1.6333000000000  -0.0006000000000
N13     4.7176000000000   0.3704000000000   0.0001000000000
C14     3.8443000000000  -0.6367000000000   0.0005000000000
N15     2.5145000000000  -0.4525000000000   0.0006000000000
N16     4.3061000000000  -2.1091000000000   0.0004000000000
C17     5.7712000000000  -2.5550000000000   0.0002000000000
C18     5.9512000000000  -3.9543000000000   0.0002000000000
C19     7.2456000000000  -4.5078000000000   0.0001000000000
C20     8.3704000000000  -3.6629000000000  -0.0000000000000
C21     8.1990000000000  -2.2659000000000  -0.0001000000000
Br22    9.7221000000000  -1.1257000000000  -0.0003000000000
C23     6.9059000000000  -1.7057000000000   0.0000000000000
H24     0.2270000000000   0.1251000000000   0.7942000000000
H25     0.2270000000000   0.1253000000000  -0.7947000000000
H26     1.8843000000000  -1.2550000000000   0.0009000000000
H27     3.8694000000000  -2.5415000000000   0.8020000000000
H28     3.8693000000000  -2.5414000000000  -0.8012000000000
H29    -2.0831000000000   0.2262000000000  -0.0012000000000
H30    -3.6978000000000   4.2103000000000   0.0001000000000
H31    -1.3969000000000   5.1415000000000   0.0015000000000
H32     0.5168000000000   3.7098000000000   0.0026000000000
H33     4.9848000000000   2.4263000000000  -0.0011000000000
H34     5.0955000000000  -4.6139000000000   0.0003000000000
H35     7.3763000000000  -5.5802000000000   0.0001000000000
H36     9.3643000000000  -4.0864000000000  -0.0001000000000
H37     6.8546000000000  -0.6330000000000  -0.0001000000000
&
