MAEFILE: SM21_micro025.mae
&gen
molchg=-1
&
entry_name: SM21_micro025
&zmat
C1     -0.2189000000000   3.1504000000000  -0.9411000000000
C2     -1.0628000000000   4.0721000000000  -0.2913000000000
Br3    -0.7921000000000   5.9413000000000  -0.5263000000000
C4     -2.1051000000000   3.6107000000000   0.5332000000000
C5     -2.3002000000000   2.2280000000000   0.7020000000000
C6     -1.4518000000000   1.3121000000000   0.0503000000000
C7     -0.3939000000000   1.7567000000000  -0.7751000000000
N8      0.4102000000000   0.8767000000000  -1.3920000000000
C9      1.6385000000000   0.6072000000000  -0.8448000000000
N10     1.6064000000000  -0.2676000000000   0.2400000000000
C11     2.7855000000000  -0.5927000000000   0.8883000000000
C12     3.9783000000000  -0.1064000000000   0.5020000000000
F13     5.0766000000000  -0.4733000000000   1.1851000000000
C14     4.0043000000000   0.8208000000000  -0.6832000000000
N15     2.7351000000000   1.1300000000000  -1.3120000000000
N16     5.0728000000000   1.3434000000000  -1.1537000000000
C17     6.3407000000000   1.1185000000000  -0.6179000000000
C18     7.1290000000000   0.0408000000000  -1.0775000000000
C19     8.4147000000000  -0.1746000000000  -0.5441000000000
C20     8.9226000000000   0.6917000000000   0.4431000000000
C21     8.1459000000000   1.7764000000000   0.8945000000000
Br22    8.8344000000000   2.9535000000000   2.2220000000000
C23     6.8597000000000   1.9918000000000   0.3623000000000
H24     0.7427000000000  -0.6530000000000   0.5933000000000
H25     0.5778000000000   3.5196000000000  -1.5712000000000
H26    -2.7539000000000   4.3142000000000   1.0331000000000
H27    -3.1007000000000   1.8680000000000   1.3308000000000
H28    -1.6157000000000   0.2533000000000   0.1903000000000
H29     2.6641000000000  -1.2636000000000   1.7256000000000
H30     6.7456000000000  -0.6262000000000  -1.8362000000000
H31     9.0118000000000  -1.0039000000000  -0.8937000000000
H32     9.9089000000000   0.5261000000000   0.8508000000000
H33     6.2684000000000   2.8263000000000   0.7107000000000
&
