MAEFILE: SM21_micro029.mae
&gen
molchg=2
&
entry_name: SM21_micro029
&zmat
C1     -0.2281000000000   3.0722000000000   0.5999000000000
C2     -1.0845000000000   3.6939000000000  -0.3300000000000
Br3    -1.3157000000000   5.5819000000000  -0.2918000000000
C4     -1.7692000000000   2.9181000000000  -1.2883000000000
C5     -1.6010000000000   1.5183000000000  -1.3210000000000
C6     -0.7465000000000   0.8882000000000  -0.3948000000000
C7     -0.0670000000000   1.6745000000000   0.5556000000000
N8      0.8470000000000   1.0101000000000   1.5472000000000
C9      2.2160000000000   0.6914000000000   0.9689000000000
N10     2.4896000000000  -0.5877000000000   0.6752000000000
C11     3.7042000000000  -0.9075000000000   0.1564000000000
C12     4.6707000000000   0.1124000000000  -0.0231000000000
F13     5.9244000000000  -0.1475000000000  -0.4641000000000
C14     4.2957000000000   1.4250000000000   0.3155000000000
N15     3.0713000000000   1.7044000000000   0.8061000000000
N16     3.9278000000000  -2.2677000000000  -0.1038000000000
C17     4.7602000000000  -2.8501000000000  -1.0708000000000
C18     5.2371000000000  -4.1592000000000  -0.8480000000000
C19     6.0579000000000  -4.7925000000000  -1.8014000000000
C20     6.3988000000000  -4.1245000000000  -2.9925000000000
C21     5.9117000000000  -2.8257000000000  -3.2321000000000
Br22    6.3573000000000  -1.9245000000000  -4.8475000000000
C23     5.0902000000000  -2.1931000000000  -2.2787000000000
H24     0.9712000000000   1.6127000000000   2.3484000000000
H25     0.4258000000000   0.1552000000000   1.8806000000000
H26     1.7989000000000  -1.3229000000000   0.8286000000000
H27     0.2984000000000   3.6639000000000   1.3346000000000
H28    -2.4254000000000   3.3973000000000  -2.0003000000000
H29    -2.1284000000000   0.9294000000000  -2.0571000000000
H30    -0.6162000000000  -0.1840000000000  -0.4191000000000
H31     4.9843000000000   2.2500000000000   0.2075000000000
H32     3.3533000000000  -2.9170000000000   0.4142000000000
H33     4.9813000000000  -4.6838000000000   0.0614000000000
H34     6.4253000000000  -5.7917000000000  -1.6192000000000
H35     7.0283000000000  -4.6107000000000  -3.7234000000000
H36     4.7119000000000  -1.2039000000000  -2.4897000000000
&
