MAEFILE: SM21_micro024.mae
&gen
molchg=1
&
entry_name: SM21_micro024
&zmat
C1     -1.9524000000000   0.9101000000000  -0.8464000000000
C2     -2.9793000000000   1.8145000000000  -1.1815000000000
Br3    -4.5289000000000   1.1958000000000  -2.0963000000000
C4     -2.8600000000000   3.1744000000000  -0.8381000000000
C5     -1.7163000000000   3.6270000000000  -0.1536000000000
C6     -0.6899000000000   2.7223000000000   0.1812000000000
C7     -0.7943000000000   1.3584000000000  -0.1772000000000
N8      0.1906000000000   0.4174000000000   0.1561000000000
C9      1.5541000000000   0.6289000000000   0.4030000000000
C10     2.3396000000000   1.6201000000000  -0.2296000000000
F11     1.8344000000000   2.4640000000000  -1.1607000000000
C12     3.6983000000000   1.6755000000000   0.1188000000000
N13     4.2324000000000   0.8136000000000   1.0056000000000
C14     3.4482000000000  -0.1201000000000   1.5603000000000
N15     2.1429000000000  -0.2338000000000   1.2692000000000
N16     3.9818000000000  -1.0315000000000   2.4551000000000
C17     5.2743000000000  -1.2574000000000   2.9475000000000
C18     6.1564000000000  -0.1952000000000   3.2502000000000
C19     7.4440000000000  -0.4628000000000   3.7549000000000
C20     7.8566000000000  -1.7919000000000   3.9669000000000
C21     6.9783000000000  -2.8536000000000   3.6783000000000
Br22    7.5297000000000  -4.6512000000000   3.9696000000000
C23     5.6904000000000  -2.5859000000000   3.1743000000000
H24     1.5759000000000  -0.9604000000000   1.7060000000000
H25    -2.0559000000000  -0.1320000000000  -1.1121000000000
H26    -3.6470000000000   3.8688000000000  -1.0936000000000
H27    -1.6283000000000   4.6682000000000   0.1196000000000
H28     0.1703000000000   3.0866000000000   0.7230000000000
H29    -0.1520000000000  -0.5147000000000   0.3388000000000
H30     4.3622000000000   2.4026000000000  -0.3248000000000
H31     3.3404000000000  -1.7767000000000   2.6850000000000
H32     5.8540000000000   0.8316000000000   3.1082000000000
H33     8.1148000000000   0.3525000000000   3.9830000000000
H34     8.8442000000000  -1.9958000000000   4.3544000000000
H35     5.0237000000000  -3.4081000000000   2.9573000000000
&
