MAEFILE: SM21_micro014.mae
&gen
&
entry_name: SM21_micro014
&zmat
C1     -0.2286000000000   2.6637000000000  -0.7548000000000
C2     -1.0202000000000   3.8287000000000  -0.7607000000000
Br3    -0.3700000000000   5.4154000000000  -1.5862000000000
C4     -2.2933000000000   3.8189000000000  -0.1592000000000
C5     -2.7752000000000   2.6422000000000   0.4450000000000
C6     -1.9830000000000   1.4775000000000   0.4513000000000
C7     -0.7026000000000   1.4820000000000  -0.1403000000000
N8      0.0520000000000   0.3013000000000  -0.1217000000000
C9      1.4093000000000   0.0428000000000   0.0092000000000
N10     1.7154000000000  -1.3167000000000   0.0141000000000
C11     3.0362000000000  -1.7147000000000   0.1413000000000
C12     4.0480000000000  -0.8367000000000   0.2626000000000
F13     5.3016000000000  -1.3078000000000   0.3806000000000
C14     3.7052000000000   0.6280000000000   0.2574000000000
N15     2.3055000000000   0.9805000000000   0.1226000000000
N16     4.5718000000000   1.5624000000000   0.3636000000000
C17     5.9411000000000   1.3315000000000   0.4962000000000
C18     6.7650000000000   1.2672000000000  -0.6486000000000
C19     8.1500000000000   1.0498000000000  -0.5140000000000
C20     8.7195000000000   0.9043000000000   0.7656000000000
C21     7.9042000000000   0.9804000000000   1.9114000000000
Br22    8.6738000000000   0.7883000000000   3.6413000000000
C23     6.5191000000000   1.1989000000000   1.7776000000000
H24     1.0154000000000  -2.0389000000000  -0.0757000000000
H25     0.7407000000000   2.6857000000000  -1.2305000000000
H26    -2.9012000000000   4.7116000000000  -0.1640000000000
H27    -3.7529000000000   2.6327000000000   0.9033000000000
H28    -2.3623000000000   0.5797000000000   0.9174000000000
H29    -0.5606000000000  -0.4979000000000  -0.0490000000000
H30     3.1828000000000  -2.7847000000000   0.1340000000000
H31     6.3348000000000   1.3799000000000  -1.6332000000000
H32     8.7753000000000   0.9954000000000  -1.3928000000000
H33     9.7816000000000   0.7370000000000   0.8676000000000
H34     5.8986000000000   1.2583000000000   2.6600000000000
&
