MAEFILE: SM21_micro006.mae
&gen
&
entry_name: SM21_micro006
&zmat
C1     -1.1731000000000   2.9476000000000   1.1718000000000
C2     -2.3160000000000   3.5723000000000   0.6355000000000
Br3    -3.1084000000000   5.0450000000000   1.5435000000000
C4     -2.8728000000000   3.1066000000000  -0.5708000000000
C5     -2.2876000000000   2.0135000000000  -1.2379000000000
C6     -1.1442000000000   1.3894000000000  -0.7021000000000
C7     -0.5755000000000   1.8585000000000   0.5042000000000
N8      0.5539000000000   1.2568000000000   1.0744000000000
C9      1.6993000000000   0.6896000000000   0.5348000000000
N10     2.6198000000000   0.2221000000000   1.4658000000000
C11     3.8391000000000  -0.3882000000000   1.1833000000000
C12     4.0815000000000  -0.4864000000000  -0.2577000000000
F13     5.2040000000000  -1.0359000000000  -0.7525000000000
C14     3.1556000000000  -0.0134000000000  -1.1310000000000
N15     1.9470000000000   0.5822000000000  -0.7336000000000
N16     4.5703000000000  -0.7725000000000   2.1824000000000
C17     5.7877000000000  -1.4087000000000   1.9408000000000
C18     6.9893000000000  -0.6681000000000   1.9595000000000
C19     8.2221000000000  -1.3104000000000   1.7322000000000
C20     8.2609000000000  -2.6973000000000   1.4925000000000
C21     7.0665000000000  -3.4434000000000   1.4849000000000
Br22    7.1173000000000  -5.3184000000000   1.1655000000000
C23     5.8337000000000  -2.8022000000000   1.7141000000000
H24     2.3845000000000   0.3257000000000   2.4418000000000
H25    -0.7535000000000   3.3114000000000   2.0985000000000
H26    -3.7496000000000   3.5845000000000  -0.9825000000000
H27    -2.7174000000000   1.6513000000000  -2.1601000000000
H28    -0.7144000000000   0.5458000000000  -1.2216000000000
H29     0.5609000000000   1.4111000000000   2.0720000000000
H30     3.3146000000000  -0.0761000000000  -2.1975000000000
H31     6.9678000000000   0.3959000000000   2.1450000000000
H32     9.1384000000000  -0.7389000000000   1.7427000000000
H33     9.2068000000000  -3.1884000000000   1.3177000000000
H34     4.9210000000000  -3.3804000000000   1.7093000000000
&
