MAEFILE: SM21_micro005.mae
&gen
molchg=-1
&
entry_name: SM21_micro005
&zmat
C1      0.3185000000000   2.5889000000000   0.3385000000000
C2     -0.1892000000000   3.8511000000000  -0.0262000000000
Br3     0.4393000000000   5.4179000000000   0.8522000000000
C4     -1.1652000000000   3.9547000000000  -1.0350000000000
C5     -1.6386000000000   2.7933000000000  -1.6733000000000
C6     -1.1298000000000   1.5317000000000  -1.3084000000000
C7     -0.1371000000000   1.4171000000000  -0.3120000000000
N8      0.3207000000000   0.1295000000000   0.0125000000000
C9      1.5792000000000  -0.2818000000000   0.4814000000000
C10     1.7852000000000  -1.6405000000000   0.7956000000000
F11     0.7981000000000  -2.5615000000000   0.6768000000000
C12     3.0722000000000  -1.9972000000000   1.2403000000000
N13     4.0592000000000  -1.0844000000000   1.3560000000000
C14     3.7819000000000   0.1830000000000   1.0259000000000
N15     2.5870000000000   0.6117000000000   0.5991000000000
N16     4.7665000000000   1.0925000000000   1.1484000000000
C17     5.4943000000000   1.4039000000000   0.0656000000000
C18     5.1106000000000   2.4650000000000  -0.7856000000000
C19     5.8744000000000   2.7973000000000  -1.9212000000000
C20     7.0416000000000   2.0716000000000  -2.2211000000000
C21     7.4406000000000   1.0152000000000  -1.3821000000000
Br22    9.0193000000000   0.0288000000000  -1.7795000000000
C23     6.6716000000000   0.6876000000000  -0.2482000000000
H24     1.0482000000000   2.5392000000000   1.1322000000000
H25    -1.5551000000000   4.9224000000000  -1.3143000000000
H26    -2.3923000000000   2.8695000000000  -2.4431000000000
H27    -1.5018000000000   0.6477000000000  -1.8060000000000
H28    -0.2999000000000  -0.6263000000000  -0.2382000000000
H29     3.3112000000000  -3.0168000000000   1.5039000000000
H30     4.2161000000000   3.0320000000000  -0.5688000000000
H31     5.5641000000000   3.6100000000000  -2.5609000000000
H32     7.6284000000000   2.3253000000000  -3.0913000000000
H33     6.9901000000000  -0.1265000000000   0.3872000000000
&
