MAEFILE: SM23_micro019.mae
&gen
molchg=1
&
entry_name: SM23_micro019
&zmat
C1     -6.8081000000000   4.4236000000000  -1.2374000000000
C2     -5.6164000000000   4.5419000000000  -2.1949000000000
O3     -4.4923000000000   3.8434000000000  -1.6776000000000
C4     -3.4968000000000   4.4628000000000  -0.9556000000000
O5     -3.4156000000000   5.6847000000000  -0.8249000000000
C6     -2.4805000000000   3.5261000000000  -0.4090000000000
C7     -2.8460000000000   2.2892000000000   0.1707000000000
C8     -1.8582000000000   1.4170000000000   0.6688000000000
C9     -0.4952000000000   1.7663000000000   0.5926000000000
C10    -0.1326000000000   3.0173000000000   0.0466000000000
C11    -1.1176000000000   3.8899000000000  -0.4516000000000
N12     0.4701000000000   0.8668000000000   1.0648000000000
C13     1.6769000000000   0.4443000000000   0.5370000000000
N14     2.3025000000000  -0.5303000000000   1.1998000000000
C15     3.4719000000000  -0.9669000000000   0.6791000000000
C16     4.1835000000000  -2.0676000000000   1.4366000000000
C17     4.0059000000000  -0.4299000000000  -0.5128000000000
C18     3.2549000000000   0.5892000000000  -1.1351000000000
N19     2.0948000000000   1.0187000000000  -0.5929000000000
N20     3.7298000000000   1.1862000000000  -2.3135000000000
C21     3.1276000000000   2.1894000000000  -3.0912000000000
C22     3.9583000000000   3.1393000000000  -3.7183000000000
C23     3.4061000000000   4.1735000000000  -4.4991000000000
C24     2.0053000000000   4.2704000000000  -4.6783000000000
C25     1.1762000000000   3.3005000000000  -4.0720000000000
C26     1.7306000000000   2.2673000000000  -3.2937000000000
C27     1.3847000000000   5.3590000000000  -5.4867000000000
O28     0.1692000000000   5.4637000000000  -5.6653000000000
O29     2.2910000000000   6.2166000000000  -5.9967000000000
C30     1.8642000000000   7.3093000000000  -6.7942000000000
C31     3.0810000000000   8.1441000000000  -7.2006000000000
H32    -4.5938000000000   2.9045000000000  -1.7186000000000
H33    -7.6787000000000   4.9431000000000  -1.6379000000000
H34    -7.0858000000000   3.3812000000000  -1.0789000000000
H35    -6.5768000000000   4.8620000000000  -0.2663000000000
H36    -5.3789000000000   5.5925000000000  -2.3655000000000
H37    -5.8733000000000   4.1199000000000  -3.1668000000000
H38    -3.8830000000000   1.9958000000000   0.2441000000000
H39    -2.1516000000000   0.4701000000000   1.0986000000000
H40     0.9044000000000   3.3159000000000  -0.0011000000000
H41    -0.8138000000000   4.8359000000000  -0.8766000000000
H42     0.1446000000000   0.2797000000000   1.8189000000000
H43     5.2119000000000  -2.1791000000000   1.0920000000000
H44     4.2064000000000  -1.8458000000000   2.5040000000000
H45     3.6689000000000  -3.0178000000000   1.2931000000000
H46     4.9401000000000  -0.7818000000000  -0.9256000000000
H47     4.6931000000000   0.9833000000000  -2.5357000000000
H48     5.0298000000000   3.0886000000000  -3.5909000000000
H49     4.0791000000000   4.8876000000000  -4.9506000000000
H50     0.1038000000000   3.3366000000000  -4.1975000000000
H51     1.0649000000000   1.5352000000000  -2.8624000000000
H52     1.1588000000000   7.9251000000000  -6.2346000000000
H53     1.3489000000000   6.9395000000000  -7.6817000000000
H54     2.7816000000000   8.9884000000000  -7.8216000000000
H55     3.5955000000000   8.5395000000000  -6.3244000000000
H56     3.7947000000000   7.5474000000000  -7.7693000000000
&
