MAEFILE: SM23_micro024.mae
&gen
molchg=1
&
entry_name: SM23_micro024
&zmat
C1     -0.1619000000000   8.5086000000000   0.5586000000000
C2     -1.4899000000000   7.7655000000000   0.3671000000000
O3     -1.2682000000000   6.3700000000000   0.2095000000000
C4     -1.1947000000000   5.5518000000000   1.2825000000000
O5     -1.3250000000000   5.9356000000000   2.4463000000000
C6     -0.9302000000000   4.1309000000000   0.9115000000000
C7     -0.8556000000000   3.1529000000000   1.9324000000000
C8     -0.5612000000000   1.8111000000000   1.6222000000000
C9     -0.3375000000000   1.4486000000000   0.2814000000000
C10    -0.4367000000000   2.3952000000000  -0.7543000000000
C11    -0.7326000000000   3.7351000000000  -0.4362000000000
N12     0.1127000000000   0.0439000000000  -0.0378000000000
C13     1.6335000000000  -0.1092000000000  -0.1060000000000
N14     2.0841000000000  -1.2058000000000  -0.7138000000000
C15     3.4313000000000  -1.3262000000000  -0.7834000000000
C16     3.9651000000000  -2.5656000000000  -1.4700000000000
C17     4.3024000000000  -0.3466000000000  -0.2492000000000
C18     3.6970000000000   0.7678000000000   0.3723000000000
N19     2.3532000000000   0.8697000000000   0.4398000000000
N20     4.4757000000000   1.8134000000000   0.8924000000000
C21     4.0042000000000   2.9994000000000   1.4797000000000
C22     2.9724000000000   2.9946000000000   2.4453000000000
C23     2.4819000000000   4.2012000000000   2.9776000000000
C24     3.0246000000000   5.4407000000000   2.5651000000000
C25     4.0830000000000   5.4395000000000   1.6274000000000
C26     4.5730000000000   4.2299000000000   1.0959000000000
C27     2.5104000000000   6.7369000000000   3.0942000000000
O28     2.9568000000000   7.8345000000000   2.7549000000000
O29     1.5035000000000   6.5808000000000   3.9780000000000
C30     0.9087000000000   7.7158000000000   4.5865000000000
C31    -0.1380000000000   7.2565000000000   5.6045000000000
H32    -0.2390000000000  -0.5930000000000   0.6621000000000
H33    -0.2749000000000  -0.2446000000000  -0.9243000000000
H34    -0.3285000000000   9.5823000000000   0.6440000000000
H35     0.3496000000000   8.1799000000000   1.4621000000000
H36     0.5071000000000   8.3408000000000  -0.2855000000000
H37    -1.9840000000000   8.1328000000000  -0.5323000000000
H38    -2.1687000000000   7.9646000000000   1.1977000000000
H39    -1.0005000000000   3.4265000000000   2.9677000000000
H40    -0.4716000000000   1.0796000000000   2.4119000000000
H41    -0.2550000000000   2.1094000000000  -1.7799000000000
H42    -0.7821000000000   4.4515000000000  -1.2433000000000
H43     5.0428000000000  -2.4982000000000  -1.6219000000000
H44     3.7598000000000  -3.4499000000000  -0.8663000000000
H45     3.4929000000000  -2.6967000000000  -2.4441000000000
H46     5.3765000000000  -0.4443000000000  -0.3187000000000
H47     5.4408000000000   1.8209000000000   0.5947000000000
H48     2.5393000000000   2.0642000000000   2.7814000000000
H49     1.6800000000000   4.1518000000000   3.6997000000000
H50     4.5256000000000   6.3686000000000   1.2979000000000
H51     5.3721000000000   4.2551000000000   0.3693000000000
H52     0.4426000000000   8.3435000000000   3.8265000000000
H53     1.6736000000000   8.3130000000000   5.0846000000000
H54    -0.6007000000000   8.1116000000000   6.0972000000000
H55    -0.9286000000000   6.6804000000000   5.1239000000000
H56     0.3130000000000   6.6308000000000   6.3747000000000
&
