MAEFILE: SM23_micro036.mae
&gen
&
entry_name: SM23_micro036
&zmat
C1     -4.3011440000000   6.3934590000000   2.6127900000000
C2     -4.3352530000000   6.1411920000000   1.1185450000000
O3     -3.3340750000000   5.1613270000000   0.8082740000000
C4     -3.2459680000000   4.8371010000000  -0.5059260000000
O5     -3.9319360000000   5.3091630000000  -1.4007780000000
C6     -2.1877550000000   3.8123850000000  -0.7253740000000
C7     -1.4232280000000   3.2826910000000   0.3181950000000
C8     -0.4391260000000   2.3169400000000   0.0574640000000
C9     -0.1957390000000   1.8504010000000  -1.2386420000000
C10    -0.9685560000000   2.3985130000000  -2.2766610000000
C11    -1.9532570000000   3.3634400000000  -2.0278990000000
N12     0.7940760000000   0.9064110000000  -1.5746060000000
C13     1.8185080000000   0.3666700000000  -0.8163210000000
C14     2.5991830000000  -0.7551020000000  -1.4536530000000
C15     3.6012440000000  -1.2847200000000  -0.7379160000000
C16     4.4554000000000  -2.4049170000000  -1.2494850000000
N17     3.8626760000000  -0.7875690000000   0.5140340000000
C18     3.1478810000000   0.2309290000000   1.0728720000000
N19     2.1121200000000   0.8078540000000   0.3784770000000
N20     3.4533140000000   0.6530630000000   2.2690400000000
C21     2.7100690000000   1.7014600000000   2.8312710000000
C22     1.5919890000000   1.4292130000000   3.6254760000000
C23     0.8496720000000   2.4713700000000   4.1929700000000
C24     1.2318430000000   3.8031920000000   3.9825270000000
C25     2.3706040000000   4.0757850000000   3.2131790000000
C26     3.1059140000000   3.0292330000000   2.6463090000000
C27     0.4744470000000   4.9500560000000   4.5554510000000
O28     0.8652500000000   6.1075880000000   4.5266490000000
O29    -0.6994770000000   4.5265890000000   5.0859540000000
C30    -1.5139160000000   5.5643010000000   5.6495130000000
C31    -2.8075960000000   4.9381240000000   6.1311860000000
H32     4.6215900000000  -1.1891430000000   1.0553730000000
H33    -5.0514450000000   7.1348780000000   2.9010830000000
H34    -4.4893930000000   5.4666480000000   3.1643980000000
H35    -3.3134530000000   6.7525570000000   2.9193670000000
H36    -4.1208450000000   7.0711890000000   0.5803650000000
H37    -5.3221820000000   5.7640600000000   0.8283030000000
H38    -1.5744190000000   3.6024650000000   1.3468580000000
H39     0.1155400000000   1.9302820000000   0.9067050000000
H40    -0.8095030000000   2.0796470000000  -3.3064140000000
H41    -2.5289200000000   3.7578950000000  -2.8633350000000
H42     0.6993680000000   0.5462330000000  -2.5221920000000
H43     2.3297670000000  -1.0910310000000  -2.4465020000000
H44     4.3784050000000  -3.2750130000000  -0.5890730000000
H45     4.1580650000000  -2.7209190000000  -2.2550430000000
H46     5.5046920000000  -2.0947190000000  -1.2930250000000
H47     1.2859980000000   0.3990410000000   3.7948690000000
H48    -0.0204620000000   2.2228130000000   4.7963250000000
H49     2.6928810000000   5.1013390000000   3.0430470000000
H50     3.9856880000000   3.2543510000000   2.0474560000000
H51    -1.7298540000000   6.3219230000000   4.8883860000000
H52    -0.9872770000000   6.0262740000000   6.4918180000000
H53    -3.4699340000000   5.6935860000000   6.5629200000000
H54    -3.3272940000000   4.4416380000000   5.3051910000000
H55    -2.6064750000000   4.1710620000000   6.8863990000000
&
