MAEFILE: SM23_micro047.mae
&gen
molchg=3
&
entry_name: SM23_micro047
&zmat
C1     -3.4419000000000   7.3366000000000   1.5081000000000
C2     -4.0648000000000   5.9428000000000   1.3537000000000
O3     -3.0818000000000   4.9838000000000   0.9843000000000
C4     -2.7382000000000   4.8057000000000  -0.3106000000000
O5     -3.2360000000000   5.4371000000000  -1.2445000000000
C6     -1.6846000000000   3.7647000000000  -0.4945000000000
C7     -1.2111000000000   3.4849000000000  -1.7994000000000
C8     -0.2144000000000   2.5124000000000  -2.0096000000000
C9      0.3109000000000   1.8184000000000  -0.9054000000000
C10    -0.1457000000000   2.0735000000000   0.4003000000000
C11    -1.1427000000000   3.0478000000000   0.6028000000000
N12     1.3824000000000   0.7865000000000  -1.1276000000000
C13     2.7629000000000   1.3166000000000  -0.8469000000000
C14     3.3852000000000   2.2638000000000  -1.6833000000000
C15     4.6767000000000   2.6728000000000  -1.2979000000000
C16     5.4615000000000   3.6882000000000  -2.1015000000000
N17     5.2759000000000   2.1733000000000  -0.1945000000000
C18     4.6140000000000   1.2680000000000   0.5364000000000
N19     3.3791000000000   0.8224000000000   0.2558000000000
N20     5.3167000000000   0.7129000000000   1.7654000000000
C21     6.2410000000000  -0.4254000000000   1.4363000000000
C22     7.5735000000000  -0.1524000000000   1.0787000000000
C23     8.4320000000000  -1.2208000000000   0.7543000000000
C24     7.9629000000000  -2.5587000000000   0.7895000000000
C25     6.6188000000000  -2.8068000000000   1.1597000000000
C26     5.7541000000000  -1.7436000000000   1.4838000000000
C27     8.8470000000000  -3.7105000000000   0.4452000000000
O28     8.4742000000000  -4.8845000000000   0.4796000000000
O29    10.0908000000000  -3.3310000000000   0.0900000000000
C30    11.0534000000000  -4.3062000000000  -0.2772000000000
C31    12.3630000000000  -3.6073000000000  -0.6502000000000
H32     1.1977000000000  -0.0163000000000  -0.5435000000000
H33     1.3355000000000   0.4622000000000  -2.0834000000000
H34     2.9131000000000   0.1322000000000   0.8453000000000
H35     5.8419000000000   1.4595000000000   2.1985000000000
H36     4.6241000000000   0.4097000000000   2.4348000000000
H37    -4.1910000000000   8.0609000000000   1.8286000000000
H38    -2.6456000000000   7.3291000000000   2.2525000000000
H39    -3.0198000000000   7.6912000000000   0.5673000000000
H40    -4.8821000000000   5.9618000000000   0.6313000000000
H41    -4.4987000000000   5.6329000000000   2.3046000000000
H42    -1.6075000000000   4.0153000000000  -2.6536000000000
H43     0.1409000000000   2.3089000000000  -3.0094000000000
H44     0.2620000000000   1.5340000000000   1.2425000000000
H45    -1.4800000000000   3.2321000000000   1.6127000000000
H46     2.9028000000000   2.6582000000000  -2.5669000000000
H47     4.8365000000000   4.1559000000000  -2.8628000000000
H48     5.8490000000000   4.4747000000000  -1.4530000000000
H49     6.3037000000000   3.2074000000000  -2.6001000000000
H50     7.9379000000000   0.8640000000000   1.0457000000000
H51     9.4512000000000  -0.9918000000000   0.4784000000000
H52     6.2367000000000  -3.8172000000000   1.1965000000000
H53     4.7296000000000  -1.9443000000000   1.7611000000000
H54    10.6870000000000  -4.8897000000000  -1.1230000000000
H55    11.2193000000000  -4.9946000000000   0.5526000000000
H56    13.1212000000000  -4.3345000000000  -0.9410000000000
H57    12.2185000000000  -2.9230000000000  -1.4866000000000
H58    12.7546000000000  -3.0338000000000   0.1903000000000
&
