MAEFILE: SM23_micro030.mae
&gen
molchg=1
&
entry_name: SM23_micro030
&zmat
C1     -4.2915000000000   7.0269000000000  -2.2131000000000
C2     -5.0452000000000   5.8706000000000  -1.5429000000000
O3     -4.1883000000000   4.7535000000000  -1.3447000000000
C4     -3.4487000000000   4.5853000000000  -0.1949000000000
O5     -3.5551000000000   5.3197000000000   0.7884000000000
C6     -2.4836000000000   3.4527000000000  -0.2535000000000
C7     -2.7702000000000   2.2688000000000  -0.9715000000000
C8     -1.8466000000000   1.2057000000000  -0.9905000000000
C9     -0.6204000000000   1.3069000000000  -0.3028000000000
C10    -0.3423000000000   2.4809000000000   0.4325000000000
C11    -1.2654000000000   3.5442000000000   0.4550000000000
N12     0.2518000000000   0.2091000000000  -0.3294000000000
C13     1.6431000000000   0.1847000000000  -0.1634000000000
C14     2.4749000000000   1.2986000000000  -0.4222000000000
C15     3.8599000000000   1.1028000000000  -0.2386000000000
C16     4.8545000000000   2.2185000000000  -0.4786000000000
N17     4.3659000000000  -0.0856000000000   0.1577000000000
C18     3.4949000000000  -1.0774000000000   0.3562000000000
N19     2.1673000000000  -1.0024000000000   0.2097000000000
N20     4.0434000000000  -2.2739000000000   0.7809000000000
C21     3.4834000000000  -3.4901000000000   1.1924000000000
C22     4.0321000000000  -4.1508000000000   2.3089000000000
C23     3.4914000000000  -5.3733000000000   2.7527000000000
C24     2.3943000000000  -5.9617000000000   2.0779000000000
C25     1.8606000000000  -5.3037000000000   0.9463000000000
C26     2.4010000000000  -4.0805000000000   0.5055000000000
C27     1.7907000000000  -7.2493000000000   2.5276000000000
O28     0.8603000000000  -7.8057000000000   1.9406000000000
O29     2.3652000000000  -7.7362000000000   3.6461000000000
C30     1.8969000000000  -8.9482000000000   4.2152000000000
C31     2.6952000000000  -9.2523000000000   5.4855000000000
H32    -3.9455000000000   4.3369000000000  -2.1580000000000
H33    -4.9555000000000   7.8756000000000  -2.3783000000000
H34    -3.4628000000000   7.3704000000000  -1.5935000000000
H35    -3.8874000000000   6.7274000000000  -3.1804000000000
H36    -5.8821000000000   5.5599000000000  -2.1689000000000
H37    -5.4729000000000   6.2012000000000  -0.5955000000000
H38    -3.7042000000000   2.1521000000000  -1.5016000000000
H39    -2.0860000000000   0.3057000000000  -1.5389000000000
H40     0.5696000000000   2.5725000000000   1.0032000000000
H41    -1.0289000000000   4.4296000000000   1.0277000000000
H42    -0.1848000000000  -0.6953000000000  -0.4345000000000
H43     2.0848000000000   2.2474000000000  -0.7581000000000
H44     4.3829000000000   3.0647000000000  -0.9790000000000
H45     5.2658000000000   2.5671000000000   0.4689000000000
H46     5.6769000000000   1.8699000000000  -1.1041000000000
H47     5.0225000000000  -2.1893000000000   1.0117000000000
H48     4.8675000000000  -3.7168000000000   2.8390000000000
H49     3.9349000000000  -5.8441000000000   3.6177000000000
H50     1.0283000000000  -5.7285000000000   0.4036000000000
H51     1.9780000000000  -3.6034000000000  -0.3662000000000
H52     2.0085000000000  -9.7620000000000   3.4974000000000
H53     0.8360000000000  -8.8605000000000   4.4533000000000
H54     2.3523000000000 -10.1785000000000   5.9467000000000
H55     3.7573000000000  -9.3618000000000   5.2649000000000
H56     2.5842000000000  -8.4531000000000   6.2187000000000
&
