MAEFILE: SM23_micro011.mae
&gen
&
entry_name: SM23_micro011
&zmat
C1     -3.2169000000000   7.7481000000000   1.8737000000000
C2     -3.4027000000000   7.3251000000000   0.4107000000000
O3     -2.6997000000000   6.1201000000000   0.1369000000000
C4     -3.2633000000000   4.9154000000000   0.3804000000000
O5     -4.3986000000000   4.7715000000000   0.8387000000000
C6     -2.3656000000000   3.7747000000000   0.0375000000000
C7     -2.8224000000000   2.4503000000000   0.2270000000000
C8     -1.9952000000000   1.3536000000000  -0.0836000000000
C9     -0.6939000000000   1.5599000000000  -0.5823000000000
C10    -0.2357000000000   2.8797000000000  -0.7852000000000
C11    -1.0618000000000   3.9773000000000  -0.4757000000000
N12     0.1019000000000   0.4463000000000  -0.8819000000000
C13     1.4545000000000   0.1828000000000  -0.7177000000000
N14     1.8224000000000  -1.1041000000000  -1.1107000000000
C15     3.1454000000000  -1.5140000000000  -1.0017000000000
C16     3.4411000000000  -2.9264000000000  -1.4615000000000
C17     4.0896000000000  -0.6864000000000  -0.5147000000000
C18     3.6876000000000   0.6907000000000  -0.0891000000000
N19     2.2934000000000   1.0533000000000  -0.2354000000000
N20     4.5241000000000   1.5305000000000   0.3862000000000
C21     5.8724000000000   1.2172000000000   0.5694000000000
C22     6.3020000000000   0.5723000000000   1.7477000000000
C23     7.6650000000000   0.2763000000000   1.9394000000000
C24     8.6236000000000   0.6292000000000   0.9621000000000
C25     8.1869000000000   1.2827000000000  -0.2161000000000
C26     6.8229000000000   1.5765000000000  -0.4077000000000
C27    10.0611000000000   0.3119000000000   1.2016000000000
O28    10.4664000000000  -0.2853000000000   2.2010000000000
O29    10.8703000000000   0.7562000000000   0.2137000000000
C30    12.2774000000000   0.5630000000000   0.2803000000000
C31    12.9455000000000   1.6709000000000   1.1058000000000
H32     1.1611000000000  -1.7695000000000  -1.4840000000000
H33    -3.7239000000000   8.6928000000000   2.0698000000000
H34    -3.6249000000000   7.0045000000000   2.5585000000000
H35    -2.1611000000000   7.8802000000000   2.1115000000000
H36    -3.0074000000000   8.1021000000000  -0.2437000000000
H37    -4.4614000000000   7.2246000000000   0.1676000000000
H38    -3.8132000000000   2.2605000000000   0.6141000000000
H39    -2.3640000000000   0.3498000000000   0.0702000000000
H40     0.7518000000000   3.0630000000000  -1.1824000000000
H41    -0.6724000000000   4.9711000000000  -0.6412000000000
H42    -0.4804000000000  -0.3444000000000  -1.1155000000000
H43     3.8574000000000  -3.5103000000000  -0.6403000000000
H44     2.5414000000000  -3.4306000000000  -1.8166000000000
H45     4.1671000000000  -2.9128000000000  -2.2748000000000
H46     5.1218000000000  -0.9916000000000  -0.4270000000000
H47     5.5848000000000   0.3011000000000   2.5087000000000
H48     7.9648000000000  -0.2196000000000   2.8514000000000
H49     8.8849000000000   1.5722000000000  -0.9878000000000
H50     6.5073000000000   2.0795000000000  -1.3103000000000
H51    12.6695000000000   0.5841000000000  -0.7366000000000
H52    12.5173000000000  -0.4212000000000   0.6856000000000
H53    14.0277000000000   1.5425000000000   1.1200000000000
H54    12.7313000000000   2.6546000000000   0.6872000000000
H55    12.5974000000000   1.6634000000000   2.1392000000000
&
