MAEFILE: SM23_micro025.mae
&gen
molchg=1
&
entry_name: SM23_micro025
&zmat
C1     -6.3883000000000   5.7622000000000  -1.0543000000000
C2     -4.9358000000000   6.2238000000000  -1.1973000000000
O3     -4.0685000000000   5.1624000000000  -0.8321000000000
C4     -2.7324000000000   5.3383000000000  -0.8743000000000
O5     -2.1931000000000   6.3892000000000  -1.2271000000000
C6     -1.9725000000000   4.1276000000000  -0.4480000000000
C7     -2.6240000000000   2.9351000000000  -0.0512000000000
C8     -1.8763000000000   1.8098000000000   0.3465000000000
C9     -0.4677000000000   1.8453000000000   0.3444000000000
C10     0.1853000000000   3.0406000000000  -0.0326000000000
C11    -0.5602000000000   4.1671000000000  -0.4296000000000
N12     0.2280000000000   0.6985000000000   0.7579000000000
C13     1.4745000000000   0.2202000000000   0.3282000000000
C14     2.0805000000000  -0.8702000000000   0.9810000000000
C15     3.3210000000000  -1.3025000000000   0.4817000000000
C16     4.0706000000000  -2.4587000000000   1.1094000000000
N17     3.9014000000000  -0.7037000000000  -0.5770000000000
C18     3.2740000000000   0.3210000000000  -1.1692000000000
N19     2.0915000000000   0.7870000000000  -0.7409000000000
N20     3.8494000000000   0.9563000000000  -2.2556000000000
C21     5.0515000000000   0.7837000000000  -2.9546000000000
C22     5.7033000000000   1.9211000000000  -3.4710000000000
C23     6.9026000000000   1.7909000000000  -4.1976000000000
C24     7.4692000000000   0.5140000000000  -4.4273000000000
C25     6.8069000000000  -0.6246000000000  -3.9144000000000
C26     5.6076000000000  -0.4928000000000  -3.1881000000000
C27     8.7360000000000   0.3403000000000  -5.1962000000000
O28     9.2629000000000  -0.7556000000000  -5.3991000000000
O29     9.2404000000000   1.5067000000000  -5.6470000000000
C30    10.4422000000000   1.5175000000000  -6.4005000000000
C31    10.7562000000000   2.9533000000000  -6.8286000000000
H32     1.6392000000000   1.5693000000000  -1.2140000000000
H33    -7.0773000000000   6.5631000000000  -1.3219000000000
H34    -6.5959000000000   4.9117000000000  -1.7038000000000
H35    -6.6055000000000   5.4632000000000  -0.0284000000000
H36    -4.7533000000000   7.0876000000000  -0.5566000000000
H37    -4.7385000000000   6.5274000000000  -2.2263000000000
H38    -3.7016000000000   2.8614000000000  -0.0436000000000
H39    -2.3945000000000   0.9102000000000   0.6460000000000
H40     1.2617000000000   3.1172000000000  -0.0067000000000
H41    -0.0315000000000   5.0656000000000  -0.7142000000000
H42    -0.2804000000000   0.0846000000000   1.3783000000000
H43     1.6156000000000  -1.3513000000000   1.8296000000000
H44     3.4173000000000  -3.0429000000000   1.7582000000000
H45     4.4667000000000  -3.1237000000000   0.3411000000000
H46     4.9037000000000  -2.0879000000000   1.7070000000000
H47     3.3661000000000   1.8040000000000  -2.5147000000000
H48     5.2870000000000   2.9051000000000  -3.3099000000000
H49     7.3726000000000   2.6882000000000  -4.5732000000000
H50     7.2087000000000  -1.6144000000000  -4.0778000000000
H51     5.1176000000000  -1.3838000000000  -2.8250000000000
H52    10.3361000000000   0.8803000000000  -7.2796000000000
H53    11.2594000000000   1.1177000000000  -5.7988000000000
H54    11.6776000000000   2.9917000000000  -7.4098000000000
H55     9.9554000000000   3.3627000000000  -7.4448000000000
H56    10.8802000000000   3.6033000000000  -5.9620000000000
&
