MAEFILE: SM23_micro028.mae
&gen
molchg=-1
&
entry_name: SM23_micro028
&zmat
C1     -3.4412000000000   7.1315000000000   2.3157000000000
C2     -3.6718000000000   5.6861000000000   1.8675000000000
O3     -2.5976000000000   5.2760000000000   1.0373000000000
C4     -2.5685000000000   4.0227000000000   0.5401000000000
O5     -3.4395000000000   3.1797000000000   0.7655000000000
C6     -1.3712000000000   3.7622000000000  -0.3093000000000
C7     -1.1880000000000   2.4835000000000  -0.8800000000000
C8     -0.0641000000000   2.2108000000000  -1.6832000000000
C9      0.9096000000000   3.2012000000000  -1.9374000000000
C10     0.7167000000000   4.4804000000000  -1.3716000000000
C11    -0.4035000000000   4.7613000000000  -0.5664000000000
N12     1.9783000000000   2.9396000000000  -2.7050000000000
C13     3.1396000000000   2.5329000000000  -2.1004000000000
N14     3.2782000000000   1.1656000000000  -1.9084000000000
C15     4.3673000000000   0.5315000000000  -1.3229000000000
C16     5.3996000000000   1.4736000000000  -0.9019000000000
C17     5.2357000000000   2.8095000000000  -1.1039000000000
N18     4.0831000000000   3.3363000000000  -1.7192000000000
C19     6.2953000000000   3.8012000000000  -0.6700000000000
N20     4.3645000000000  -0.7589000000000  -1.2121000000000
C21     5.4724000000000  -1.3698000000000  -0.6221000000000
C22     6.5505000000000  -1.8086000000000  -1.4183000000000
C23     7.6653000000000  -2.4339000000000  -0.8268000000000
C24     7.7168000000000  -2.6376000000000   0.5737000000000
C25     6.6280000000000  -2.2042000000000   1.3645000000000
C26     5.5136000000000  -1.5797000000000   0.7720000000000
C27     8.8823000000000  -3.2957000000000   1.2322000000000
O28     8.9642000000000  -3.4691000000000   2.4500000000000
O29     9.8356000000000  -3.6803000000000   0.3538000000000
C30    11.0205000000000  -4.3280000000000   0.7992000000000
C31    12.0823000000000  -3.3037000000000   1.2210000000000
H32     2.5120000000000   0.5857000000000  -2.2170000000000
H33    -4.2549000000000   7.4729000000000   2.9557000000000
H34    -2.5119000000000   7.2237000000000   2.8783000000000
H35    -3.3845000000000   7.8036000000000   1.4591000000000
H36    -4.6123000000000   5.6085000000000   1.3207000000000
H37    -3.7400000000000   5.0317000000000   2.7376000000000
H38    -1.9068000000000   1.6956000000000  -0.7079000000000
H39     0.0505000000000   1.2233000000000  -2.1065000000000
H40     1.4419000000000   5.2612000000000  -1.5519000000000
H41    -0.5004000000000   5.7549000000000  -0.1549000000000
H42     6.3120000000000   1.1483000000000  -0.4234000000000
H43     7.2273000000000   3.6158000000000  -1.2041000000000
H44     5.9848000000000   4.8273000000000  -0.8708000000000
H45     6.4861000000000   3.7068000000000   0.3993000000000
H46     6.5269000000000  -1.6615000000000  -2.4883000000000
H47     8.4733000000000  -2.7507000000000  -1.4696000000000
H48     6.6340000000000  -2.3472000000000   2.4354000000000
H49     4.6902000000000  -1.2570000000000   1.3927000000000
H50    11.4054000000000  -4.9302000000000  -0.0240000000000
H51    10.8045000000000  -5.0200000000000   1.6147000000000
H52    13.0019000000000  -3.8041000000000   1.5245000000000
H53    12.3248000000000  -2.6300000000000   0.3988000000000
H54    11.7410000000000  -2.6992000000000   2.0618000000000
&
