MAEFILE: SM23_micro040.mae
&gen
molchg=2
&
entry_name: SM23_micro040
&zmat
C1     -5.4553800000000   4.6730590000000   2.9401750000000
C2     -4.8755690000000   5.2691120000000   1.6724930000000
O3     -3.8114780000000   4.4171240000000   1.2247630000000
C4     -3.2216810000000   4.8041300000000   0.0663690000000
O5     -3.5205960000000   5.7932320000000  -0.5864840000000
C6     -2.1505110000000   3.8453730000000  -0.3235470000000
C7     -1.7732260000000   2.7689250000000   0.4859180000000
C8     -0.7619130000000   1.8925200000000   0.0696250000000
C9     -0.0909260000000   2.0792070000000  -1.1453700000000
C10    -0.4983220000000   3.1452160000000  -1.9609390000000
C11    -1.5079040000000   4.0261780000000  -1.5529170000000
N12     0.9097000000000   1.1983680000000  -1.6124250000000
C13     1.8482800000000   0.4542580000000  -0.8603010000000
C14     2.6522750000000  -0.4557830000000  -1.5305110000000
C15     3.5756240000000  -1.2066490000000  -0.8042460000000
C16     4.4690910000000  -2.2071440000000  -1.4688040000000
N17     3.6557800000000  -1.0242180000000   0.5216330000000
C18     2.8618820000000  -0.1408890000000   1.1313890000000
N19     1.9348470000000   0.5988090000000   0.4712480000000
N20     2.9205140000000   0.0598050000000   2.5639700000000
C21     2.4635010000000   1.3398000000000   3.0790770000000
C22     1.1344710000000   1.4944660000000   3.4880910000000
C23     0.6834900000000   2.7359730000000   3.9505730000000
C24     1.5626720000000   3.8263490000000   4.0188770000000
C25     2.9010250000000   3.6547690000000   3.6359580000000
C26     3.3515310000000   2.4156230000000   3.1662990000000
C27     1.1262940000000   5.1707310000000   4.4889660000000
O28     1.8962450000000   6.0718960000000   4.7852420000000
O29    -0.2272870000000   5.2469960000000   4.5063120000000
C30    -0.7541090000000   6.5186110000000   4.9111940000000
C31    -2.2622800000000   6.4695500000000   4.7660260000000
H32    -6.2667700000000   5.2950630000000   3.3282230000000
H33    -5.8418560000000   3.6662260000000   2.7501310000000
H34    -4.6837040000000   4.5762800000000   3.7107240000000
H35    -4.4816890000000   6.2705320000000   1.8779870000000
H36    -5.6526730000000   5.3280150000000   0.9022550000000
H37    -2.2576870000000   2.5853600000000   1.4423460000000
H38    -0.5220970000000   1.0485750000000   0.7113940000000
H39    -0.0254040000000   3.3108010000000  -2.9279270000000
H40    -1.7876070000000   4.8485600000000  -2.2090270000000
H41     1.3415680000000   1.5329950000000  -2.4756160000000
H42     3.8690110000000  -2.9843620000000  -1.9522190000000
H43     5.0901790000000  -1.7142230000000  -2.2232470000000
H44     5.1328480000000  -2.6903200000000  -0.7455210000000
H45     0.4323410000000   0.6662630000000   3.4340210000000
H46    -0.3574060000000   2.8341400000000   4.2521460000000
H47     3.6012620000000   4.4871600000000   3.6886080000000
H48     4.3904470000000   2.3129880000000   2.8633730000000
H49    -0.3477980000000   7.3118640000000   4.2736820000000
H50    -0.4849270000000   6.7084310000000   5.9559670000000
H51    -2.7153500000000   7.4174690000000   5.0691880000000
H52    -2.5401260000000   6.2610780000000   3.7278360000000
H53    -2.6834790000000   5.6641340000000   5.3766790000000
H54     3.8734180000000  -0.0969650000000   2.8886970000000
H55     2.5655530000000  -0.5884520000000  -2.6049650000000
H56     4.3135930000000  -1.5650210000000   1.0693170000000
H57     2.3628660000000  -0.6872740000000   2.9788430000000
&
