MAEFILE: SM23_micro026.mae
&gen
&
entry_name: SM23_micro026
&zmat
C1     -6.1935000000000   4.4730000000000  -2.5141000000000
C2     -4.7968000000000   4.6629000000000  -3.1111000000000
O3     -3.8413000000000   4.0287000000000  -2.2765000000000
C4     -2.5293000000000   4.0968000000000  -2.5793000000000
O5     -2.0851000000000   4.6930000000000  -3.5630000000000
C6     -1.6692000000000   3.3732000000000  -1.5991000000000
C7     -2.2150000000000   2.6524000000000  -0.5094000000000
C8     -1.3741000000000   1.9640000000000   0.3872000000000
C9      0.0239000000000   1.9707000000000   0.2107000000000
C10     0.5719000000000   2.7197000000000  -0.8561000000000
C11    -0.2658000000000   3.4041000000000  -1.7563000000000
N12     0.8177000000000   1.2474000000000   1.1173000000000
C13     1.9787000000000   0.5014000000000   0.8549000000000
C14     2.6331000000000  -0.1802000000000   1.8956000000000
C15     3.7780000000000  -0.9284000000000   1.5562000000000
C16     4.5338000000000  -1.6689000000000   2.5587000000000
N17     4.2036000000000  -0.9710000000000   0.2699000000000
C18     3.5324000000000  -0.3028000000000  -0.6787000000000
N19     2.4415000000000   0.4203000000000  -0.4077000000000
N20     4.0109000000000  -0.3437000000000  -1.9769000000000
C21     3.6386000000000   0.3611000000000  -3.1305000000000
C22     2.2830000000000   0.5774000000000  -3.4621000000000
C23     1.9361000000000   1.3326000000000  -4.5974000000000
C24     2.9406000000000   1.8723000000000  -5.4353000000000
C25     4.2959000000000   1.6206000000000  -5.1207000000000
C26     4.6412000000000   0.8712000000000  -3.9787000000000
C27     2.6035000000000   2.6987000000000  -6.6300000000000
O28     3.4448000000000   3.1123000000000  -7.4301000000000
O29     1.2838000000000   2.9564000000000  -6.7307000000000
C30     0.7910000000000   3.7538000000000  -7.7946000000000
C31    -0.7093000000000   3.9824000000000  -7.5941000000000
H32     5.3504000000000  -1.2070000000000   3.0937000000000
H33     4.2858000000000  -2.6925000000000   2.7990000000000
H34     5.0372000000000  -1.5129000000000   0.0433000000000
H35    -6.9499000000000   4.9498000000000  -3.1375000000000
H36    -6.4453000000000   3.4153000000000  -2.4326000000000
H37    -6.2564000000000   4.9118000000000  -1.5179000000000
H38    -4.5689000000000   5.7263000000000  -3.1970000000000
H39    -4.7551000000000   4.2335000000000  -4.1129000000000
H40    -3.2819000000000   2.6072000000000  -0.3466000000000
H41    -1.8135000000000   1.4116000000000   1.2052000000000
H42     1.6400000000000   2.7822000000000  -0.9997000000000
H43     0.1859000000000   3.9543000000000  -2.5692000000000
H44     0.4062000000000   1.0887000000000   2.0254000000000
H45     2.2779000000000  -0.1369000000000   2.9150000000000
H46     4.9136000000000  -0.7897000000000  -2.0503000000000
H47     1.4930000000000   0.1770000000000  -2.8440000000000
H48     0.8875000000000   1.4890000000000  -4.8047000000000
H49     5.0866000000000   2.0131000000000  -5.7439000000000
H50     5.6836000000000   0.7068000000000  -3.7468000000000
H51     0.9738000000000   3.2538000000000  -8.7464000000000
H52     1.3130000000000   4.7116000000000  -7.8173000000000
H53    -1.1197000000000   4.5929000000000  -8.3984000000000
H54    -1.2519000000000   3.0368000000000  -7.5810000000000
H55    -0.9049000000000   4.4949000000000  -6.6517000000000
&
