MAEFILE: SM23_micro048.mae
&gen
molchg=4
&
entry_name: SM23_micro048
&zmat
C1     -3.7419000000000   7.0525000000000   1.4552000000000
C2     -4.2810000000000   5.6308000000000   1.2460000000000
O3     -3.2344000000000   4.7355000000000   0.8915000000000
C4     -2.8261000000000   4.6190000000000  -0.3918000000000
O5     -3.3151000000000   5.2554000000000  -1.3269000000000
C6     -1.7085000000000   3.6440000000000  -0.5597000000000
C7     -1.1357000000000   3.4647000000000  -1.8422000000000
C8     -0.0770000000000   2.5568000000000  -2.0367000000000
C9      0.4102000000000   1.8258000000000  -0.9388000000000
C10    -0.1453000000000   1.9796000000000   0.3440000000000
C11    -1.2034000000000   2.8908000000000   0.5309000000000
N12     1.5497000000000   0.8642000000000  -1.1416000000000
C13     2.8885000000000   1.4671000000000  -0.8079000000000
C14     3.4799000000000   2.4923000000000  -1.5817000000000
C15     4.7470000000000   2.9774000000000  -1.1735000000000
C16     5.4751000000000   4.0740000000000  -1.9224000000000
N17     5.3398000000000   2.4413000000000  -0.0772000000000
C18     4.7379000000000   1.4547000000000   0.6280000000000
N19     3.5248000000000   0.9682000000000   0.2775000000000
N20     5.4413000000000   0.8806000000000   1.8309000000000
C21     6.3178000000000  -0.2894000000000   1.4781000000000
C22     7.6547000000000  -0.0626000000000   1.1053000000000
C23     8.4650000000000  -1.1586000000000   0.7506000000000
C24     7.9435000000000  -2.4774000000000   0.7693000000000
C25     6.5966000000000  -2.6787000000000   1.1575000000000
C26     5.7800000000000  -1.5881000000000   1.5135000000000
C27     8.7754000000000  -3.6573000000000   0.3905000000000
O28     8.3514000000000  -4.8145000000000   0.3947000000000
O29    10.0328000000000  -3.3224000000000   0.0394000000000
C30    10.9527000000000  -4.3286000000000  -0.3541000000000
C31    12.3018000000000  -3.6810000000000  -0.6773000000000
H32     1.3903000000000   0.0396000000000  -0.5798000000000
H33     1.5491000000000   0.5560000000000  -2.1045000000000
H34     6.2546000000000   2.7857000000000   0.2163000000000
H35     3.0934000000000   0.2240000000000   0.8259000000000
H36     6.0048000000000   1.5955000000000   2.2705000000000
H37     4.7622000000000   0.5909000000000   2.5213000000000
H38    -4.5410000000000   7.7266000000000   1.7637000000000
H39    -2.9731000000000   7.0706000000000   2.2281000000000
H40    -3.3068000000000   7.4530000000000   0.5392000000000
H41    -5.0718000000000   5.6226000000000   0.4944000000000
H42    -4.7306000000000   5.2751000000000   2.1733000000000
H43    -1.5024000000000   4.0244000000000  -2.6909000000000
H44     0.3530000000000   2.4300000000000  -3.0198000000000
H45     0.2295000000000   1.4091000000000   1.1811000000000
H46    -1.6184000000000   2.9968000000000   1.5228000000000
H47     2.9822000000000   2.8926000000000  -2.4536000000000
H48     4.7957000000000   4.6127000000000  -2.5840000000000
H49     5.9103000000000   4.7936000000000  -1.2277000000000
H50     6.2779000000000   3.6517000000000  -2.5277000000000
H51     8.0616000000000   0.9379000000000   1.0855000000000
H52     9.4890000000000  -0.9662000000000   0.4643000000000
H53     6.1759000000000  -3.6739000000000   1.1852000000000
H54     4.7538000000000  -1.7553000000000   1.8063000000000
H55    10.5714000000000  -4.8576000000000  -1.2287000000000
H56    11.0707000000000  -5.0585000000000   0.4482000000000
H57    13.0297000000000  -4.4327000000000  -0.9831000000000
H58    12.2064000000000  -2.9592000000000  -1.4890000000000
H59    12.7042000000000  -3.1597000000000   0.1918000000000
&
