MAEFILE: SM23_micro035.mae
&gen
molchg=-1
&
entry_name: SM23_micro035
&zmat
C1     -0.9763000000000   8.2086000000000   1.0446000000000
C2     -1.4540000000000   7.4439000000000  -0.1924000000000
O3     -1.1010000000000   6.0762000000000  -0.0637000000000
C4     -1.3773000000000   5.2113000000000  -1.0607000000000
O5     -1.9335000000000   5.5371000000000  -2.1116000000000
C6     -0.9387000000000   3.8178000000000  -0.7611000000000
C7     -1.1553000000000   2.8009000000000  -1.7182000000000
C8     -0.7476000000000   1.4773000000000  -1.4638000000000
C9     -0.1055000000000   1.1420000000000  -0.2551000000000
C10     0.0950000000000   2.1523000000000   0.7130000000000
C11    -0.3120000000000   3.4767000000000   0.4611000000000
N12     0.2683000000000  -0.1966000000000  -0.0543000000000
C13     1.3479000000000  -0.7181000000000   0.6757000000000
C14     1.4674000000000  -2.1152000000000   0.8158000000000
C15     2.5853000000000  -2.5757000000000   1.5396000000000
C16     2.8295000000000  -4.0520000000000   1.7672000000000
N17     3.4934000000000  -1.7258000000000   2.0635000000000
C18     3.3079000000000  -0.4144000000000   1.8702000000000
N19     2.2728000000000   0.1134000000000   1.2051000000000
N20     4.2182000000000   0.4309000000000   2.3891000000000
C21     5.1974000000000   0.8861000000000   1.5933000000000
C22     6.4127000000000   0.1810000000000   1.4596000000000
C23     7.4415000000000   0.6538000000000   0.6223000000000
C24     7.2791000000000   1.8558000000000  -0.1055000000000
C25     6.0670000000000   2.5679000000000   0.0301000000000
C26     5.0437000000000   2.0881000000000   0.8696000000000
C27     8.3443000000000   2.3857000000000  -1.0039000000000
O28     8.2338000000000   3.4321000000000  -1.6467000000000
O29     9.4409000000000   1.6011000000000  -1.0399000000000
C30    10.5481000000000   1.9656000000000  -1.8478000000000
C31    11.6342000000000   0.8936000000000  -1.7299000000000
H32    -1.2364000000000   9.2647000000000   0.9716000000000
H33    -1.4338000000000   7.8130000000000   1.9518000000000
H34     0.1060000000000   8.1377000000000   1.1554000000000
H35    -0.9966000000000   7.8634000000000  -1.0896000000000
H36    -2.5355000000000   7.5378000000000  -0.2975000000000
H37    -1.6360000000000   3.0246000000000  -2.6596000000000
H38    -0.9233000000000   0.7177000000000  -2.2117000000000
H39     0.5501000000000   1.9272000000000   1.6655000000000
H40    -0.1352000000000   4.2181000000000   1.2265000000000
H41    -0.2372000000000  -0.8737000000000  -0.6059000000000
H42     0.7436000000000  -2.7959000000000   0.3925000000000
H43     2.0472000000000  -4.6563000000000   1.3075000000000
H44     3.7869000000000  -4.3480000000000   1.3375000000000
H45     2.8478000000000  -4.2725000000000   2.8348000000000
H46     6.5605000000000  -0.7410000000000   2.0033000000000
H47     8.3502000000000   0.0743000000000   0.5526000000000
H48     5.9061000000000   3.4901000000000  -0.5092000000000
H49     4.1248000000000   2.6512000000000   0.9526000000000
H50    10.9387000000000   2.9319000000000  -1.5266000000000
H51    10.2322000000000   2.0657000000000  -2.8872000000000
H52    12.4981000000000   1.1475000000000  -2.3440000000000
H53    11.9745000000000   0.7917000000000  -0.6992000000000
H54    11.2635000000000  -0.0774000000000  -2.0593000000000
&
