MAEFILE: SM23_micro022.mae
&gen
&
entry_name: SM23_micro022
&zmat
C1     -3.3552000000000   7.8742000000000  -0.5261000000000
C2     -3.2714000000000   6.8793000000000   0.6389000000000
O3     -2.4737000000000   5.7546000000000   0.2932000000000
C4     -3.0032000000000   4.7063000000000  -0.3783000000000
O5     -4.1851000000000   4.6395000000000  -0.7208000000000
C6     -2.0056000000000   3.6339000000000  -0.6591000000000
C7     -2.4119000000000   2.4583000000000  -1.3313000000000
C8     -1.4937000000000   1.4194000000000  -1.5836000000000
C9     -0.1549000000000   1.5258000000000  -1.1571000000000
C10     0.2632000000000   2.7213000000000  -0.5269000000000
C11    -0.6515000000000   3.7591000000000  -0.2717000000000
N12     0.7126000000000   0.4428000000000  -1.3834000000000
C13     1.8066000000000   0.0647000000000  -0.6142000000000
C14     2.6226000000000  -0.9201000000000  -1.0435000000000
C15     3.7727000000000  -1.3289000000000  -0.1926000000000
C16     4.6378000000000  -2.4512000000000  -0.7233000000000
N17     4.0277000000000  -0.7661000000000   0.9341000000000
C18     3.1963000000000   0.2722000000000   1.3931000000000
N19     2.0816000000000   0.6339000000000   0.6214000000000
N20     3.4363000000000   0.9031000000000   2.5049000000000
C21     2.5745000000000   1.9491000000000   2.8669000000000
C22     1.3938000000000   1.6852000000000   3.5929000000000
C23     0.4579000000000   2.7111000000000   3.8268000000000
C24     0.6929000000000   4.0228000000000   3.3473000000000
C25     1.9056000000000   4.2933000000000   2.6731000000000
C26     2.8403000000000   3.2667000000000   2.4383000000000
C27    -0.3114000000000   5.1134000000000   3.5121000000000
O28    -0.1435000000000   6.2619000000000   3.0969000000000
O29    -1.4290000000000   4.7051000000000   4.1450000000000
C30    -2.4991000000000   5.6115000000000   4.3541000000000
C31    -3.6216000000000   4.8991000000000   5.1121000000000
H32     1.4527000000000   1.3613000000000   0.9302000000000
H33    -3.9382000000000   8.7507000000000  -0.2437000000000
H34    -2.3627000000000   8.2147000000000  -0.8219000000000
H35    -3.8310000000000   7.4270000000000  -1.3992000000000
H36    -4.2677000000000   6.5675000000000   0.9553000000000
H37    -2.8115000000000   7.3682000000000   1.4975000000000
H38    -3.4366000000000   2.3346000000000  -1.6512000000000
H39    -1.8320000000000   0.5234000000000  -2.0836000000000
H40     1.2903000000000   2.8671000000000  -0.2305000000000
H41    -0.2891000000000   4.6458000000000   0.2278000000000
H42     0.4293000000000  -0.2004000000000  -2.1089000000000
H43     2.4852000000000  -1.4373000000000  -1.9822000000000
H44     4.0333000000000  -3.3398000000000  -0.9068000000000
H45     5.1099000000000  -2.1523000000000  -1.6593000000000
H46     5.4214000000000  -2.7110000000000  -0.0104000000000
H47     1.1800000000000   0.6814000000000   3.9305000000000
H48    -0.4506000000000   2.4618000000000   4.3550000000000
H49     2.1197000000000   5.2851000000000   2.3019000000000
H50     3.7423000000000   3.4838000000000   1.8848000000000
H51    -2.8687000000000   5.9733000000000   3.3942000000000
H52    -2.1512000000000   6.4750000000000   4.9225000000000
H53    -4.4633000000000   5.5710000000000   5.2797000000000
H54    -3.9874000000000   4.0381000000000   4.5524000000000
H55    -3.2755000000000   4.5471000000000   6.0842000000000
&
