MAEFILE: SM23_micro038.mae
&gen
molchg=2
&
entry_name: SM23_micro038
&zmat
C1     -5.9940000000000   5.6786000000000  -1.9187000000000
C2     -4.7818000000000   6.1243000000000  -1.0974000000000
O3     -3.9681000000000   4.9970000000000  -0.8171000000000
C4     -2.8399000000000   5.1420000000000  -0.0939000000000
O5     -2.4576000000000   6.2196000000000   0.3672000000000
C6     -2.0936000000000   3.8627000000000   0.0803000000000
C7     -2.5849000000000   2.6320000000000  -0.4202000000000
C8     -1.8413000000000   1.4457000000000  -0.2619000000000
C9     -0.5897000000000   1.4691000000000   0.3839000000000
C10    -0.1162000000000   2.6861000000000   0.9193000000000
C11    -0.8568000000000   3.8725000000000   0.7634000000000
N12     0.1496000000000   0.2821000000000   0.4923000000000
C13     1.5228000000000   0.1172000000000   0.2585000000000
C14     2.1712000000000  -1.1181000000000   0.4792000000000
C15     3.5520000000000  -1.2139000000000   0.1894000000000
C16     4.3387000000000  -2.4919000000000   0.3877000000000
N17     4.2018000000000  -0.1277000000000  -0.2929000000000
C18     3.5765000000000   1.0538000000000  -0.5017000000000
N19     2.2544000000000   1.1487000000000  -0.2262000000000
N20     4.2953000000000   2.1325000000000  -1.0394000000000
C21     3.8153000000000   3.4225000000000  -1.3137000000000
C22     2.9422000000000   4.0966000000000  -0.4325000000000
C23     2.4429000000000   5.3723000000000  -0.7528000000000
C24     2.8260000000000   6.0115000000000  -1.9556000000000
C25     3.7363000000000   5.3531000000000  -2.8140000000000
C26     4.2295000000000   4.0724000000000  -2.4934000000000
C27     2.2946000000000   7.3529000000000  -2.3333000000000
O28     2.6835000000000   7.9860000000000  -3.3168000000000
O29     1.3345000000000   7.7904000000000  -1.4929000000000
C30     0.7079000000000   9.0431000000000  -1.7164000000000
C31    -0.4469000000000   9.2126000000000  -0.7258000000000
H32     5.1956000000000  -0.2051000000000  -0.5090000000000
H33     1.7830000000000   2.0361000000000  -0.4021000000000
H34    -6.6390000000000   6.5263000000000  -2.1502000000000
H35    -5.6845000000000   5.2269000000000  -2.8616000000000
H36    -6.5887000000000   4.9453000000000  -1.3732000000000
H37    -5.1100000000000   6.5872000000000  -0.1657000000000
H38    -4.2062000000000   6.8672000000000  -1.6514000000000
H39    -3.5312000000000   2.5768000000000  -0.9382000000000
H40    -2.2281000000000   0.5194000000000  -0.6614000000000
H41     0.8201000000000   2.7184000000000   1.4554000000000
H42    -0.4587000000000   4.7909000000000   1.1705000000000
H43    -0.3875000000000  -0.5699000000000   0.5710000000000
H44     1.6240000000000  -1.9700000000000   0.8565000000000
H45     3.7245000000000  -3.2622000000000   0.8549000000000
H46     4.6912000000000  -2.8720000000000  -0.5714000000000
H47     5.2036000000000  -2.3120000000000   1.0269000000000
H48     5.2052000000000   1.9089000000000  -1.4165000000000
H49     2.6482000000000   3.6433000000000   0.5012000000000
H50     1.7649000000000   5.8448000000000  -0.0570000000000
H51     4.0563000000000   5.8181000000000  -3.7354000000000
H52     4.9120000000000   3.5824000000000  -3.1727000000000
H53     0.3295000000000   9.0963000000000  -2.7382000000000
H54     1.4353000000000   9.8459000000000  -1.5910000000000
H55    -0.9405000000000  10.1740000000000  -0.8673000000000
H56    -1.1949000000000   8.4308000000000  -0.8592000000000
H57    -0.0919000000000   9.1669000000000   0.3040000000000
&
