MAEFILE: SM23_micro043.mae
&gen
molchg=2
&
entry_name: SM23_micro043
&zmat
C1     -1.0797000000000   9.0726000000000  -0.0000000000000
C2     -2.2506000000000   8.0862000000000   0.0000000000000
O3     -1.7460000000000   6.7600000000000   0.0000000000000
C4     -2.5960000000000   5.7131000000000   0.0001000000000
O5     -3.8230000000000   5.8291000000000   0.0002000000000
C6     -1.8954000000000   4.3952000000000   0.0001000000000
C7     -2.6560000000000   3.2047000000000   0.0002000000000
C8     -2.0205000000000   1.9487000000000   0.0001000000000
C9     -0.6145000000000   1.8555000000000  -0.0001000000000
C10     0.1574000000000   3.0431000000000  -0.0002000000000
C11    -0.4833000000000   4.2981000000000  -0.0001000000000
N12    -0.0830000000000   0.4190000000000  -0.0002000000000
C13     1.3936000000000   0.0374000000000  -0.0000000000000
C14     1.7192000000000  -1.3341000000000   0.0001000000000
C15     3.0971000000000  -1.6409000000000   0.0002000000000
C16     3.5914000000000  -3.0720000000000   0.0002000000000
N17     4.0407000000000  -0.6726000000000   0.0002000000000
C18     3.6086000000000   0.5883000000000   0.0000000000000
N19     2.3380000000000   1.0001000000000  -0.0000000000000
N20     4.6109000000000   1.7544000000000  -0.0001000000000
C21     6.1318000000000   1.5922000000000  -0.0000000000000
C22     6.8492000000000   0.3714000000000  -0.0002000000000
C23     8.2582000000000   0.3848000000000  -0.0001000000000
C24     8.9747000000000   1.6057000000000   0.0000000000000
C25     8.2487000000000   2.8175000000000   0.0002000000000
C26     6.8414000000000   2.8093000000000   0.0001000000000
C27    10.4663000000000   1.6460000000000   0.0000000000000
O28    11.1173000000000   2.6928000000000   0.0001000000000
O29    11.0249000000000   0.4191000000000  -0.0000000000000
C30    12.4369000000000   0.2824000000000  -0.0000000000000
C31    12.8009000000000  -1.2044000000000  -0.0000000000000
H32    -0.4991000000000  -0.0410000000000   0.7969000000000
H33    -0.4988000000000  -0.0408000000000  -0.7977000000000
H34     4.3739000000000   2.3218000000000  -0.8009000000000
H35     4.3738000000000   2.3220000000000   0.8006000000000
H36    -1.4393000000000  10.1017000000000   0.0000000000000
H37    -0.4528000000000   8.9379000000000   0.8819000000000
H38    -0.4528000000000   8.9379000000000  -0.8818000000000
H39    -2.8745000000000   8.2459000000000  -0.8805000000000
H40    -2.8745000000000   8.2459000000000   0.8805000000000
H41    -3.7362000000000   3.2414000000000   0.0003000000000
H42    -2.6238000000000   1.0523000000000   0.0002000000000
H43     1.2310000000000   3.0648000000000  -0.0004000000000
H44     0.1352000000000   5.1840000000000  -0.0002000000000
H45     0.9622000000000  -2.1055000000000   0.0001000000000
H46     2.7591000000000  -3.7765000000000   0.0002000000000
H47     4.1996000000000  -3.2642000000000  -0.8842000000000
H48     4.1997000000000  -3.2642000000000   0.8845000000000
H49     6.3875000000000  -0.5983000000000  -0.0003000000000
H50     8.7747000000000  -0.5641000000000  -0.0002000000000
H51     8.7634000000000   3.7678000000000   0.0003000000000
H52     6.3081000000000   3.7489000000000   0.0002000000000
H53    12.8564000000000   0.7709000000000   0.8805000000000
H54    12.8564000000000   0.7709000000000  -0.8806000000000
H55    13.8826000000000  -1.3383000000000  -0.0000000000000
H56    12.4019000000000  -1.7058000000000   0.8822000000000
H57    12.4019000000000  -1.7058000000000  -0.8822000000000
&
