MAEFILE: SM23_micro012.mae
&gen
&
entry_name: SM23_micro012
&zmat
C1     -7.1610000000000   4.3979000000000  -0.9567000000000
C2     -5.8203000000000   5.0487000000000  -1.3065000000000
O3     -4.7635000000000   4.2370000000000  -0.8203000000000
C4     -3.4827000000000   4.6173000000000  -1.0025000000000
O5     -3.1554000000000   5.6593000000000  -1.5744000000000
C6     -2.5018000000000   3.6423000000000  -0.4449000000000
C7     -2.9127000000000   2.4738000000000   0.2403000000000
C8     -1.9598000000000   1.5663000000000   0.7425000000000
C9     -0.5815000000000   1.7970000000000   0.5615000000000
C10    -0.1687000000000   2.9779000000000  -0.0969000000000
C11    -1.1189000000000   3.8863000000000  -0.6001000000000
N12     0.3247000000000   0.8527000000000   1.0715000000000
C13     1.5505000000000   0.4349000000000   0.5304000000000
C14     2.3203000000000  -0.5321000000000   1.2103000000000
C15     3.5289000000000  -0.9216000000000   0.5933000000000
C16     4.4429000000000  -1.9491000000000   1.2264000000000
N17     3.9307000000000  -0.3976000000000  -0.5866000000000
C18     3.1245000000000   0.5044000000000  -1.1504000000000
N19     1.9651000000000   0.9398000000000  -0.6523000000000
N20     3.5614000000000   1.0446000000000  -2.3467000000000
C21     3.0605000000000   2.0610000000000  -3.1722000000000
C22     3.9631000000000   2.9619000000000  -3.7704000000000
C23     3.4938000000000   4.0015000000000  -4.5971000000000
C24     2.1081000000000   4.1527000000000  -4.8466000000000
C25     1.2084000000000   3.2353000000000  -4.2584000000000
C26     1.6795000000000   2.1968000000000  -3.4334000000000
C27     1.5752000000000   5.2450000000000  -5.7109000000000
O28     0.3795000000000   5.3756000000000  -5.9812000000000
O29     2.5370000000000   6.0755000000000  -6.1622000000000
C30     2.1946000000000   7.1690000000000  -6.9986000000000
C31     3.4472000000000   8.0022000000000  -7.2819000000000
H32    -7.9915000000000   5.0005000000000  -1.3244000000000
H33    -7.2443000000000   3.4063000000000  -1.4025000000000
H34    -7.2760000000000   4.2925000000000   0.1224000000000
H35    -5.7599000000000   6.0431000000000  -0.8619000000000
H36    -5.7308000000000   5.1637000000000  -2.3877000000000
H37    -3.9591000000000   2.2513000000000   0.3899000000000
H38    -2.2964000000000   0.6782000000000   1.2574000000000
H39     0.8786000000000   3.2079000000000  -0.2210000000000
H40    -0.7693000000000   4.7736000000000  -1.1079000000000
H41    -0.0234000000000   0.2826000000000   1.8283000000000
H42     2.0022000000000  -0.9537000000000   2.1525000000000
H43     3.9265000000000  -2.5011000000000   2.0121000000000
H44     4.7899000000000  -2.6659000000000   0.4813000000000
H45     5.3128000000000  -1.4601000000000   1.6655000000000
H46     4.5087000000000   0.7772000000000  -2.5709000000000
H47     5.0239000000000   2.8662000000000  -3.5894000000000
H48     4.2176000000000   4.6758000000000  -5.0308000000000
H49     0.1451000000000   3.3175000000000  -4.4321000000000
H50     0.9669000000000   1.5074000000000  -3.0057000000000
H51     1.4380000000000   7.7877000000000  -6.5134000000000
H52     1.7698000000000   6.7993000000000  -7.9330000000000
H53     3.2109000000000   8.8490000000000  -7.9263000000000
H54     3.8742000000000   8.3939000000000  -6.3583000000000
H55     4.2118000000000   7.4057000000000  -7.7803000000000
&
