MAEFILE: SM23_micro046.mae
&gen
molchg=3
&
entry_name: SM23_micro046
&zmat
C1     -1.4020000000000   8.3587000000000   0.8893000000000
C2     -2.5215000000000   7.3183000000000   0.7530000000000
O3     -1.9868000000000   6.0127000000000   0.5737000000000
C4     -1.6358000000000   5.5697000000000  -0.6537000000000
O5     -1.7448000000000   6.2411000000000  -1.6811000000000
C6     -1.0975000000000   4.1775000000000  -0.6380000000000
C7     -0.6990000000000   3.5782000000000  -1.8576000000000
C8     -0.1877000000000   2.2662000000000  -1.8809000000000
C9     -0.0742000000000   1.5537000000000  -0.6744000000000
C10    -0.4630000000000   2.1242000000000   0.5504000000000
C11    -0.9741000000000   3.4370000000000   0.5656000000000
N12     0.4811000000000   0.1540000000000  -0.6963000000000
C13     1.9441000000000   0.0494000000000  -0.4376000000000
N14     2.7284000000000   1.1484000000000  -0.3737000000000
C15     4.0877000000000   1.0544000000000  -0.1407000000000
C16     4.8790000000000   2.3436000000000  -0.0854000000000
C17     4.6038000000000  -0.1738000000000   0.0172000000000
C18     3.7960000000000  -1.3269000000000  -0.0458000000000
N19     2.4755000000000  -1.1778000000000  -0.2761000000000
N20     4.3763000000000  -2.5392000000000   0.1029000000000
C21     3.6468000000000  -3.7797000000000   0.0231000000000
C22     2.4899000000000  -3.9935000000000   0.7996000000000
C23     1.8069000000000  -5.2220000000000   0.7102000000000
C24     2.2774000000000  -6.2475000000000  -0.1475000000000
C25     3.4501000000000  -6.0203000000000  -0.9061000000000
C26     4.1383000000000  -4.7950000000000  -0.8171000000000
C27     1.5750000000000  -7.5587000000000  -0.2662000000000
O28     1.9431000000000  -8.4594000000000  -1.0225000000000
O29     0.4980000000000  -7.6527000000000   0.5391000000000
C30    -0.2787000000000  -8.8400000000000   0.5504000000000
C31    -1.4079000000000  -8.6954000000000   1.5736000000000
H32    -0.0063000000000  -0.4021000000000  -0.0078000000000
H33     0.2853000000000  -0.2628000000000  -1.5959000000000
H34     2.2435000000000   2.0247000000000  -0.5090000000000
H35     1.8862000000000  -1.9967000000000  -0.3326000000000
H36    -1.8172000000000   9.3511000000000   1.0655000000000
H37    -0.7445000000000   8.1193000000000   1.7252000000000
H38    -0.7933000000000   8.4107000000000  -0.0136000000000
H39    -3.1947000000000   7.5793000000000  -0.0648000000000
H40    -3.1244000000000   7.3148000000000   1.6612000000000
H41    -0.7827000000000   4.1197000000000  -2.7893000000000
H42     0.1130000000000   1.8187000000000  -2.8170000000000
H43    -0.3714000000000   1.5684000000000   1.4723000000000
H44    -1.2672000000000   3.8606000000000   1.5154000000000
H45     5.6460000000000   2.3507000000000  -0.8606000000000
H46     4.2376000000000   3.2136000000000  -0.2330000000000
H47     5.3704000000000   2.4448000000000   0.8827000000000
H48     5.6608000000000  -0.3106000000000   0.2002000000000
H49     5.3792000000000  -2.5504000000000  -0.0245000000000
H50     2.1269000000000  -3.2316000000000   1.4735000000000
H51     0.9225000000000  -5.3617000000000   1.3150000000000
H52     3.8370000000000  -6.7867000000000  -1.5627000000000
H53     5.0349000000000  -4.6405000000000  -1.4001000000000
H54     0.3506000000000  -9.6933000000000   0.8071000000000
H55    -0.6934000000000  -9.0216000000000  -0.4422000000000
H56    -2.0198000000000  -9.5970000000000   1.6053000000000
H57    -1.0106000000000  -8.5261000000000   2.5747000000000
H58    -2.0597000000000  -7.8580000000000   1.3237000000000
&
