MAEFILE: SM23_micro039.mae
&gen
molchg=2
&
entry_name: SM23_micro039
&zmat
C1     -0.6951000000000   8.4418000000000  -0.5788000000000
C2     -1.8106000000000   7.6516000000000   0.1184000000000
O3     -1.4738000000000   6.2749000000000   0.2330000000000
C4     -1.6597000000000   5.4238000000000  -0.8005000000000
O5     -2.1088000000000   5.7647000000000  -1.8963000000000
C6     -1.2496000000000   4.0250000000000  -0.4807000000000
C7     -1.3280000000000   3.0344000000000  -1.4892000000000
C8     -0.9139000000000   1.7130000000000  -1.2327000000000
C9     -0.4184000000000   1.3830000000000   0.0419000000000
C10    -0.3570000000000   2.3423000000000   1.0692000000000
C11    -0.7716000000000   3.6623000000000   0.8045000000000
N12     0.1366000000000  -0.0019000000000   0.2822000000000
C13     1.6453000000000  -0.0907000000000   0.1557000000000
C14     2.3678000000000  -1.1502000000000   0.7239000000000
C15     3.7666000000000  -1.1077000000000   0.5387000000000
C16     4.6808000000000  -2.1767000000000   1.0987000000000
N17     4.3385000000000  -0.0812000000000  -0.1477000000000
C18     3.5716000000000   0.8951000000000  -0.6609000000000
N19     2.2409000000000   0.9026000000000  -0.5288000000000
N20     4.1823000000000   1.9543000000000  -1.3099000000000
C21     3.6579000000000   3.1711000000000  -1.7694000000000
C22     4.3145000000000   4.3753000000000  -1.4479000000000
C23     3.7754000000000   5.6120000000000  -1.8550000000000
C24     2.5717000000000   5.6634000000000  -2.5996000000000
C25     1.9323000000000   4.4510000000000  -2.9415000000000
C26     2.4727000000000   3.2168000000000  -2.5356000000000
C27     1.9627000000000   6.9541000000000  -3.0325000000000
O28     0.9362000000000   7.0257000000000  -3.7113000000000
O29     2.6477000000000   8.0303000000000  -2.5977000000000
C30     2.2060000000000   9.3363000000000  -2.9318000000000
C31     3.1161000000000  10.3648000000000  -2.2561000000000
H32    -0.1373000000000  -0.3107000000000   1.2038000000000
H33    -0.2874000000000  -0.6442000000000  -0.3718000000000
H34     5.3530000000000  -0.0607000000000  -0.2594000000000
H35    -0.9304000000000   9.5058000000000  -0.5996000000000
H36     0.2579000000000   8.3200000000000  -0.0633000000000
H37    -0.5656000000000   8.1143000000000  -1.6098000000000
H38    -2.7590000000000   7.7756000000000  -0.4063000000000
H39    -1.9576000000000   8.0459000000000   1.1238000000000
H40    -1.6887000000000   3.2833000000000  -2.4770000000000
H41    -0.9490000000000   0.9727000000000  -2.0187000000000
H42     0.0314000000000   2.0817000000000   2.0427000000000
H43    -0.7005000000000   4.3890000000000   1.6007000000000
H44     1.8871000000000  -1.9486000000000   1.2714000000000
H45     4.1161000000000  -3.0641000000000   1.3861000000000
H46     5.4238000000000  -2.4737000000000   0.3578000000000
H47     5.2029000000000  -1.8033000000000   1.9800000000000
H48     5.1879000000000   1.9533000000000  -1.2177000000000
H49     5.2266000000000   4.3594000000000  -0.8689000000000
H50     4.3004000000000   6.5148000000000  -1.5788000000000
H51     1.0161000000000   4.4540000000000  -3.5147000000000
H52     1.9607000000000   2.3065000000000  -2.8107000000000
H53     1.1759000000000   9.4795000000000  -2.6030000000000
H54     2.2277000000000   9.4679000000000  -4.0145000000000
H55     2.8012000000000  11.3796000000000  -2.4992000000000
H56     3.0907000000000  10.2575000000000  -1.1713000000000
H57     4.1501000000000  10.2484000000000  -2.5823000000000
&
