MAEFILE: SM23_micro044.mae
&gen
molchg=3
&
entry_name: SM23_micro044
&zmat
C1     -1.4168000000000   6.7992000000000   2.6417000000000
C2     -2.4352000000000   6.0968000000000   1.7339000000000
O3     -1.8284000000000   5.0221000000000   1.0276000000000
C4     -1.7344000000000   3.7927000000000   1.5814000000000
O5     -2.1600000000000   3.5129000000000   2.7035000000000
C6     -1.0568000000000   2.8045000000000   0.6919000000000
C7     -0.8800000000000   1.4746000000000   1.1454000000000
C8     -0.2420000000000   0.5169000000000   0.3337000000000
C9      0.2216000000000   0.8960000000000  -0.9385000000000
C10     0.0551000000000   2.2085000000000  -1.4145000000000
C11    -0.5838000000000   3.1611000000000  -0.5969000000000
N12     0.9134000000000  -0.1195000000000  -1.8025000000000
C13     2.3968000000000  -0.1386000000000  -1.5790000000000
C14     3.2942000000000   0.6431000000000  -2.3336000000000
C15     4.6668000000000   0.5306000000000  -2.0159000000000
C16     5.7360000000000   1.3087000000000  -2.7531000000000
N17     5.0485000000000  -0.3068000000000  -1.0189000000000
C18     4.1636000000000  -1.0424000000000  -0.3016000000000
N19     2.8442000000000  -0.9544000000000  -0.6008000000000
N20     4.6505000000000  -1.8935000000000   0.7018000000000
C21     3.9358000000000  -2.6866000000000   1.6136000000000
C22     2.6615000000000  -2.3312000000000   2.1120000000000
C23     1.9954000000000  -3.1634000000000   3.0324000000000
C24     2.5948000000000  -4.3639000000000   3.4829000000000
C25     3.8776000000000  -4.7043000000000   2.9982000000000
C26     4.5418000000000  -3.8709000000000   2.0782000000000
C27     1.9158000000000  -5.2699000000000   4.4542000000000
O28     2.4211000000000  -6.3110000000000   4.8781000000000
O29     0.6933000000000  -4.8318000000000   4.8161000000000
C30    -0.0869000000000  -5.5831000000000   5.7324000000000
C31    -1.4265000000000  -4.8770000000000   5.9554000000000
H32     0.5306000000000  -1.0354000000000  -1.6165000000000
H33     0.7216000000000   0.0820000000000  -2.7737000000000
H34     6.0419000000000  -0.3833000000000  -0.7993000000000
H35     2.1754000000000  -1.5145000000000  -0.0722000000000
H36    -1.8752000000000   7.6456000000000   3.1531000000000
H37    -1.0292000000000   6.1225000000000   3.4034000000000
H38    -0.5717000000000   7.1757000000000   2.0646000000000
H39    -2.8193000000000   6.8076000000000   1.0022000000000
H40    -3.2943000000000   5.7511000000000   2.3110000000000
H41    -1.2318000000000   1.1752000000000   2.1222000000000
H42    -0.1099000000000  -0.4945000000000   0.6895000000000
H43     0.4141000000000   2.4887000000000  -2.3940000000000
H44    -0.7013000000000   4.1649000000000  -0.9787000000000
H45     2.9477000000000   1.2980000000000  -3.1199000000000
H46     5.3186000000000   2.2094000000000  -3.2045000000000
H47     6.5350000000000   1.6096000000000  -2.0747000000000
H48     6.1688000000000   0.6973000000000  -3.5454000000000
H49     5.6525000000000  -2.0219000000000   0.7132000000000
H50     2.1816000000000  -1.4113000000000   1.8155000000000
H51     1.0222000000000  -2.8571000000000   3.3876000000000
H52     4.3675000000000  -5.6098000000000   3.3270000000000
H53     5.5223000000000  -4.1544000000000   1.7235000000000
H54     0.4462000000000  -5.6823000000000   6.6790000000000
H55    -0.2544000000000  -6.5874000000000   5.3404000000000
H56    -2.0473000000000  -5.4369000000000   6.6550000000000
H57    -1.2799000000000  -3.8772000000000   6.3648000000000
H58    -1.9798000000000  -4.7805000000000   5.0208000000000
&
