MAEFILE: SM23_micro020.mae
&gen
&
entry_name: SM23_micro020
&zmat
C1     -5.5477000000000   5.2063000000000   2.4812000000000
C2     -4.7132000000000   5.8058000000000   1.3464000000000
O3     -3.7492000000000   4.8556000000000   0.9203000000000
C4     -3.1042000000000   5.0211000000000  -0.2536000000000
O5     -3.3000000000000   5.9716000000000  -1.0138000000000
C6     -2.1369000000000   3.9236000000000  -0.5430000000000
C7     -1.8152000000000   2.9407000000000   0.4233000000000
C8     -0.8966000000000   1.9175000000000   0.1221000000000
C9     -0.2818000000000   1.8578000000000  -1.1476000000000
C10    -0.6058000000000   2.8280000000000  -2.1157000000000
C11    -1.5203000000000   3.8562000000000  -1.8138000000000
N12     0.6336000000000   0.8454000000000  -1.4644000000000
C13     1.7085000000000   0.3258000000000  -0.7567000000000
C14     2.3918000000000  -0.7636000000000  -1.4215000000000
C15     3.4278000000000  -1.3171000000000  -0.7544000000000
C16     4.2448000000000  -2.4661000000000  -1.3084000000000
N17     3.8109000000000  -0.8530000000000   0.5024000000000
C18     3.1331000000000   0.2188000000000   1.0911000000000
N19     2.0464000000000   0.7995000000000   0.4054000000000
N20     3.5781000000000   0.6019000000000   2.2469000000000
C21     2.9497000000000   1.6852000000000   2.8737000000000
C22     1.6379000000000   1.5829000000000   3.3903000000000
C23     1.0100000000000   2.7011000000000   3.9714000000000
C24     1.6910000000000   3.9389000000000   4.0657000000000
C25     3.0184000000000   4.0235000000000   3.5872000000000
C26     3.6417000000000   2.9067000000000   2.9983000000000
C27     1.0442000000000   5.1501000000000   4.6467000000000
O28     1.6412000000000   6.2094000000000   4.8500000000000
O29    -0.2656000000000   4.9686000000000   4.9087000000000
C30    -1.0386000000000   6.0326000000000   5.4389000000000
C31    -2.5037000000000   5.5970000000000   5.5112000000000
H32     4.5952000000000  -1.3038000000000   0.9507000000000
H33    -6.2873000000000   5.9229000000000   2.8379000000000
H34    -6.0803000000000   4.3157000000000   2.1468000000000
H35    -4.9205000000000   4.9239000000000   3.3264000000000
H36    -4.2070000000000   6.7113000000000   1.6830000000000
H37    -5.3692000000000   6.0819000000000   0.5195000000000
H38    -2.2595000000000   2.9554000000000   1.4077000000000
H39    -0.6675000000000   1.1775000000000   0.8752000000000
H40    -0.1463000000000   2.7936000000000  -3.0928000000000
H41    -1.7453000000000   4.5909000000000  -2.5735000000000
H42     0.5580000000000   0.5780000000000  -2.4350000000000
H43     2.1118000000000  -1.1415000000000  -2.3945000000000
H44     3.6030000000000  -3.3260000000000  -1.5020000000000
H45     4.7178000000000  -2.1735000000000  -2.2462000000000
H46     5.0273000000000  -2.7748000000000  -0.6140000000000
H47     1.0977000000000   0.6500000000000   3.3172000000000
H48    -0.0011000000000   2.5885000000000   4.3345000000000
H49     3.5685000000000   4.9514000000000   3.6510000000000
H50     4.6505000000000   2.9976000000000   2.6225000000000
H51    -0.9446000000000   6.9156000000000   4.8050000000000
H52    -0.6722000000000   6.2966000000000   6.4317000000000
H53    -3.1273000000000   6.3937000000000   5.9167000000000
H54    -2.8827000000000   5.3457000000000   4.5207000000000
H55    -2.6216000000000   4.7208000000000   6.1494000000000
&
