MAEFILE: SM24_micro029.mae
&gen
molchg=1
&
entry_name: SM24_micro029
&zmat
C1     -4.7442000000000   1.3742000000000  -0.0257000000000
O2     -4.0454000000000   0.2523000000000  -0.5456000000000
C3     -2.6729000000000   0.2303000000000  -0.4224000000000
C4     -1.9953000000000  -0.8768000000000  -0.9714000000000
C5     -0.5928000000000  -0.9735000000000  -0.8971000000000
C6      0.1629000000000   0.0388000000000  -0.2723000000000
C7     -0.5125000000000   1.1406000000000   0.2902000000000
C8     -1.9146000000000   1.2417000000000   0.2167000000000
C9      1.6277000000000  -0.0493000000000  -0.2073000000000
C10     2.4045000000000  -0.9323000000000   0.5207000000000
C11     2.0665000000000  -2.0155000000000   1.4417000000000
C12     0.8954000000000  -1.9696000000000   2.2291000000000
C13     0.5819000000000  -3.0182000000000   3.1145000000000
C14     1.4298000000000  -4.1358000000000   3.2406000000000
C15     2.6102000000000  -4.1818000000000   2.4593000000000
C16     2.9218000000000  -3.1312000000000   1.5746000000000
O17     1.0475000000000  -5.1187000000000   4.1281000000000
C18     1.8877000000000  -6.2548000000000   4.2687000000000
O19     3.7693000000000  -0.7223000000000   0.3288000000000
C20     3.8945000000000   0.3278000000000  -0.5609000000000
C21     2.5999000000000   0.7246000000000  -0.8855000000000
N22     5.0219000000000   0.8962000000000  -1.0643000000000
C23     4.8471000000000   1.9014000000000  -1.9394000000000
N24     3.6325000000000   2.3407000000000  -2.3241000000000
C25     2.5040000000000   1.7813000000000  -1.8181000000000
N26     1.2015000000000   2.3194000000000  -2.3385000000000
C27     0.8378000000000   3.6637000000000  -1.8486000000000
C28    -0.5341000000000   4.0995000000000  -2.3913000000000
O29    -0.3671000000000   4.2836000000000  -3.6760000000000
H30     5.9479000000000   0.5670000000000  -0.7891000000000
H31     1.2257000000000   2.3780000000000  -3.3470000000000
H32     0.4451000000000   1.6982000000000  -2.0906000000000
H33    -5.8112000000000   1.2513000000000  -0.2108000000000
H34    -4.6060000000000   1.4654000000000   1.0525000000000
H35    -4.4300000000000   2.2996000000000  -0.5105000000000
H36    -2.5575000000000  -1.6605000000000  -1.4580000000000
H37    -0.0960000000000  -1.8307000000000  -1.3279000000000
H38     0.0479000000000   1.9216000000000   0.7828000000000
H39    -2.3845000000000   2.1080000000000   0.6567000000000
H40     0.2257000000000  -1.1253000000000   2.1691000000000
H41    -0.3202000000000  -2.9627000000000   3.7062000000000
H42     3.2947000000000  -5.0142000000000   2.5194000000000
H43     3.8271000000000  -3.1962000000000   0.9889000000000
H44     1.4502000000000  -6.9376000000000   4.9968000000000
H45     1.9869000000000  -6.7968000000000   3.3272000000000
H46     2.8779000000000  -5.9758000000000   4.6317000000000
H47     5.7410000000000   2.3533000000000  -2.3437000000000
H48     1.6136000000000   4.3829000000000  -2.1188000000000
H49     0.8085000000000   3.6356000000000  -0.7590000000000
H50    -0.8268000000000   4.9484000000000  -1.7726000000000
H51    -1.2483000000000   3.3534000000000  -2.0401000000000
&
