MAEFILE: SM24_micro007.mae
&gen
&
entry_name: SM24_micro007
&zmat
C1     -4.8967000000000   1.0136000000000   0.3023000000000
O2     -4.1322000000000  -0.0831000000000  -0.1763000000000
C3     -2.7583000000000   0.0066000000000  -0.1094000000000
C4     -2.0184000000000  -1.0840000000000  -0.6071000000000
C5     -0.6110000000000  -1.0716000000000  -0.5826000000000
C6      0.0905000000000   0.0337000000000  -0.0584000000000
C7     -0.6489000000000   1.1227000000000   0.4485000000000
C8     -2.0567000000000   1.1157000000000   0.4237000000000
C9      1.5629000000000   0.0462000000000  -0.0395000000000
C10     2.3677000000000  -0.8643000000000   0.6066000000000
C11     2.1099000000000  -2.0270000000000   1.4545000000000
C12     0.9807000000000  -2.0794000000000   2.3000000000000
C13     0.7441000000000  -3.2021000000000   3.1157000000000
C14     1.6307000000000  -4.2967000000000   3.1128000000000
C15     2.7715000000000  -4.2427000000000   2.2747000000000
C16     3.0055000000000  -3.1181000000000   1.4596000000000
O17     1.3235000000000  -5.3569000000000   3.9384000000000
C18     2.1979000000000  -6.4759000000000   3.9408000000000
O19     3.6861000000000  -0.5603000000000   0.3865000000000
C20     3.6979000000000   0.5486000000000  -0.3983000000000
C21     2.4256000000000   0.9712000000000  -0.6996000000000
N22     4.8846000000000   1.1404000000000  -0.8239000000000
C23     4.7037000000000   2.1870000000000  -1.5802000000000
N24     3.4519000000000   2.6871000000000  -1.9439000000000
C25     2.2234000000000   2.1508000000000  -1.5640000000000
N26     1.0341000000000   2.5502000000000  -1.8732000000000
C27     0.9123000000000   3.7139000000000  -2.7277000000000
C28    -0.5698000000000   4.0356000000000  -2.9719000000000
O29    -1.1866000000000   3.0160000000000  -3.7311000000000
H30     3.4342000000000   3.5032000000000  -2.5378000000000
H31    -5.9569000000000   0.7993000000000   0.1678000000000
H32    -4.7272000000000   1.1832000000000   1.3665000000000
H33    -4.6726000000000   1.9275000000000  -0.2496000000000
H34    -2.5352000000000  -1.9401000000000  -1.0151000000000
H35    -0.0666000000000  -1.9191000000000  -0.9728000000000
H36    -0.1314000000000   1.9780000000000   0.8579000000000
H37    -2.5750000000000   1.9754000000000   0.8199000000000
H38     0.2859000000000  -1.2538000000000   2.3354000000000
H39    -0.1282000000000  -3.2215000000000   3.7524000000000
H40     3.4845000000000  -5.0521000000000   2.2379000000000
H41     3.8816000000000  -3.1033000000000   0.8276000000000
H42     1.8177000000000  -7.2285000000000   4.6315000000000
H43     2.2593000000000  -6.9364000000000   2.9539000000000
H44     3.1990000000000  -6.1993000000000   4.2739000000000
H45     5.5461000000000   2.7489000000000  -1.9861000000000
H46     1.4157000000000   3.5527000000000  -3.6835000000000
H47     1.3848000000000   4.5785000000000  -2.2573000000000
H48    -0.6649000000000   4.9762000000000  -3.5150000000000
H49    -1.1014000000000   4.1545000000000  -2.0270000000000
H50    -2.1009000000000   3.2307000000000  -3.8363000000000
&
