MAEFILE: SM24_micro009.mae
&gen
&
entry_name: SM24_micro009
&zmat
C1     -4.7139000000000   1.3846000000000  -0.0349000000000
O2     -4.0203000000000   0.2527000000000  -0.5397000000000
C3     -2.6473000000000   0.2291000000000  -0.4219000000000
C4     -1.9743000000000  -0.8859000000000  -0.9602000000000
C5     -0.5715000000000  -0.9839000000000  -0.8914000000000
C6      0.1890000000000   0.0347000000000  -0.2830000000000
C7     -0.4819000000000   1.1445000000000   0.2689000000000
C8     -1.8843000000000   1.2469000000000   0.2013000000000
C9      1.6541000000000  -0.0567000000000  -0.2220000000000
C10     2.4278000000000  -0.9425000000000   0.5039000000000
C11     2.0863000000000  -2.0232000000000   1.4278000000000
C12     0.9182000000000  -1.9695000000000   2.2192000000000
C13     0.6025000000000  -3.0139000000000   3.1088000000000
C14     1.4459000000000  -4.1348000000000   3.2359000000000
C15     2.6235000000000  -4.1886000000000   2.4507000000000
C16     2.9365000000000  -3.1425000000000   1.5611000000000
O17     1.0627000000000  -5.1123000000000   4.1291000000000
C18     1.9027000000000  -6.2476000000000   4.2769000000000
O19     3.7921000000000  -0.7395000000000   0.3084000000000
C20     3.9285000000000   0.3119000000000  -0.5799000000000
C21     2.6281000000000   0.7146000000000  -0.9010000000000
N22     5.0847000000000   0.8509000000000  -1.0654000000000
C23     4.8328000000000   1.8472000000000  -1.9291000000000
N24     3.6492000000000   2.3282000000000  -2.3407000000000
C25     2.5248000000000   1.7722000000000  -1.8322000000000
N26     1.2203000000000   2.3137000000000  -2.3455000000000
C27     0.8790000000000   3.6727000000000  -1.8796000000000
C28    -0.5186000000000   4.0978000000000  -2.3657000000000
O29    -0.4214000000000   4.2532000000000  -3.6615000000000
H30     1.2292000000000   2.3471000000000  -3.3552000000000
H31     0.4628000000000   1.7058000000000  -2.0697000000000
H32    -5.7817000000000   1.2634000000000  -0.2168000000000
H33    -4.5733000000000   1.4904000000000   1.0417000000000
H34    -4.3966000000000   2.3018000000000  -0.5331000000000
H35    -2.5396000000000  -1.6745000000000  -1.4350000000000
H36    -0.0776000000000  -1.8471000000000  -1.3134000000000
H37     0.0835000000000   1.9308000000000   0.7473000000000
H38    -2.3502000000000   2.1198000000000   0.6328000000000
H39     0.2532000000000  -1.1213000000000   2.1594000000000
H40    -0.2971000000000  -2.9519000000000   3.7035000000000
H41     3.3054000000000  -5.0231000000000   2.5117000000000
H42     3.8398000000000  -3.2124000000000   0.9727000000000
H43     1.4674000000000  -6.9242000000000   5.0123000000000
H44     1.9988000000000  -6.7974000000000   3.3398000000000
H45     2.8940000000000  -5.9656000000000   4.6342000000000
H46     5.7024000000000   2.3241000000000  -2.3563000000000
H47     1.6421000000000   4.3816000000000  -2.2066000000000
H48     0.9016000000000   3.6743000000000  -0.7891000000000
H49    -0.7790000000000   4.9612000000000  -1.7524000000000
H50    -1.2149000000000   3.3624000000000  -1.9603000000000
&
