MAEFILE: SM24_micro017.mae
&gen
molchg=1
&
entry_name: SM24_micro017
&zmat
C1      5.5000000000000  -4.6501000000000  -0.8176000000000
O2      4.6098000000000  -4.8111000000000   0.2772000000000
C3      3.3622000000000  -4.2325000000000   0.1882000000000
C4      2.5099000000000  -4.3682000000000   1.3021000000000
C5      1.2223000000000  -3.7991000000000   1.2980000000000
C6      0.7617000000000  -3.0776000000000   0.1786000000000
C7      1.6076000000000  -2.9467000000000  -0.9410000000000
C8      2.8939000000000  -3.5188000000000  -0.9424000000000
C9     -0.5786000000000  -2.4781000000000   0.1755000000000
C10    -1.8015000000000  -3.1159000000000   0.0825000000000
C11    -2.1730000000000  -4.5229000000000  -0.0618000000000
C12    -3.4023000000000  -4.9915000000000   0.4509000000000
C13    -3.7720000000000  -6.3430000000000   0.3143000000000
C14    -2.9274000000000  -7.2603000000000  -0.3406000000000
C15    -1.6978000000000  -6.7930000000000  -0.8654000000000
C16    -1.3308000000000  -5.4405000000000  -0.7277000000000
O17    -3.3629000000000  -8.5653000000000  -0.4285000000000
C18    -2.5159000000000  -9.5096000000000  -1.0666000000000
O19    -2.8699000000000  -2.2237000000000   0.1316000000000
C20    -2.3397000000000  -0.9537000000000   0.2666000000000
C21    -0.9505000000000  -1.1178000000000   0.2962000000000
N22    -3.0160000000000   0.2276000000000   0.3660000000000
C23    -2.1731000000000   1.2618000000000   0.5104000000000
N24    -0.8315000000000   1.2552000000000   0.5670000000000
C25    -0.1956000000000   0.0656000000000   0.4568000000000
N26     1.3037000000000   0.1051000000000   0.5605000000000
C27     1.9925000000000   0.6562000000000  -0.6232000000000
C28     3.5052000000000   0.7659000000000  -0.3893000000000
O29     4.0875000000000  -0.5185000000000  -0.3325000000000
H30     1.5731000000000   0.6692000000000   1.3535000000000
H31     1.6646000000000  -0.8262000000000   0.7118000000000
H32     6.4453000000000  -5.1416000000000  -0.5883000000000
H33     5.1024000000000  -5.1067000000000  -1.7250000000000
H34     5.7135000000000  -3.5972000000000  -1.0066000000000
H35     2.8478000000000  -4.9135000000000   2.1713000000000
H36     0.5861000000000  -3.9172000000000   2.1632000000000
H37     1.2682000000000  -2.4050000000000  -1.8117000000000
H38     3.5051000000000  -3.3908000000000  -1.8227000000000
H39    -4.0730000000000  -4.3168000000000   0.9626000000000
H40    -4.7154000000000  -6.6795000000000   0.7190000000000
H41    -1.0170000000000  -7.4525000000000  -1.3818000000000
H42    -0.3924000000000  -5.1159000000000  -1.1504000000000
H43    -2.9906000000000 -10.4904000000000  -1.0456000000000
H44    -2.3440000000000  -9.2490000000000  -2.1117000000000
H45    -1.5575000000000  -9.5964000000000  -0.5530000000000
H46    -2.6377000000000   2.2326000000000   0.5989000000000
H47     1.5906000000000   1.6489000000000  -0.8298000000000
H48     1.7791000000000   0.0397000000000  -1.4972000000000
H49     3.7244000000000   1.3110000000000   0.5296000000000
H50     3.9696000000000   1.3158000000000  -1.2085000000000
H51     5.0242000000000  -0.4226000000000  -0.2418000000000
&
