MAEFILE: SM24_micro028.mae
&gen
&
entry_name: SM24_micro028
&zmat
C1     -4.8368000000000   1.1111000000000   0.1887000000000
O2     -4.0797000000000  -0.0166000000000  -0.2258000000000
C3     -2.7059000000000   0.0608000000000  -0.1454000000000
C4     -1.9720000000000  -1.0525000000000  -0.6001000000000
C5     -0.5650000000000  -1.0520000000000  -0.5635000000000
C6      0.1424000000000   0.0630000000000  -0.0684000000000
C7     -0.5913000000000   1.1728000000000   0.4004000000000
C8     -1.9986000000000   1.1791000000000   0.3607000000000
C9      1.6151000000000   0.0652000000000  -0.0428000000000
C10     2.4229000000000  -0.8504000000000   0.6049000000000
C11     2.1529000000000  -2.0133000000000   1.4485000000000
C12     1.0292000000000  -2.0501000000000   2.3019000000000
C13     0.7779000000000  -3.1732000000000   3.1123000000000
C14     1.6441000000000  -4.2839000000000   3.0962000000000
C15     2.7788000000000  -4.2463000000000   2.2489000000000
C16     3.0279000000000  -3.1209000000000   1.4395000000000
O17     1.3236000000000  -5.3427000000000   3.9186000000000
C18     2.1767000000000  -6.4781000000000   3.9084000000000
O19     3.7553000000000  -0.5573000000000   0.3947000000000
C20     3.7439000000000   0.5500000000000  -0.3842000000000
C21     2.4977000000000   0.9758000000000  -0.6917000000000
N22     4.8623000000000   1.2202000000000  -0.8595000000000
C23     4.7052000000000   2.3496000000000  -1.6629000000000
N24     3.5479000000000   2.8354000000000  -2.0224000000000
C25     2.3324000000000   2.1713000000000  -1.5685000000000
N26     1.1526000000000   2.5353000000000  -1.8719000000000
C27     0.9456000000000   3.7015000000000  -2.7068000000000
C28    -0.5585000000000   3.9591000000000  -2.8865000000000
O29    -1.1608000000000   4.3060000000000  -1.6557000000000
H30     5.7727000000000   0.8671000000000  -0.6019000000000
H31    -5.8973000000000   0.9029000000000   0.0486000000000
H32    -4.6806000000000   1.3299000000000   1.2458000000000
H33    -4.5933000000000   1.9944000000000  -0.4038000000000
H34    -2.4934000000000  -1.9157000000000  -0.9870000000000
H35    -0.0250000000000  -1.9160000000000  -0.9227000000000
H36    -0.0700000000000   2.0364000000000   0.7872000000000
H37    -2.5113000000000   2.0567000000000   0.7236000000000
H38     0.3492000000000  -1.2124000000000   2.3463000000000
H39    -0.0905000000000  -3.1807000000000   3.7547000000000
H40     3.4748000000000  -5.0699000000000   2.2004000000000
H41     3.8985000000000  -3.1189000000000   0.7999000000000
H42     1.7920000000000  -7.2228000000000   4.6051000000000
H43     2.2141000000000  -6.9392000000000   2.9205000000000
H44     3.1880000000000  -6.2209000000000   4.2262000000000
H45     5.6418000000000   2.8117000000000  -1.9786000000000
H46     1.3968000000000   3.5463000000000  -3.6885000000000
H47     1.4186000000000   4.5845000000000  -2.2717000000000
H48    -1.0562000000000   3.0792000000000  -3.2960000000000
H49    -0.7169000000000   4.7754000000000  -3.5917000000000
H50    -2.0855000000000   4.4354000000000  -1.8002000000000
&
