MAEFILE: SM24_micro030.mae
&gen
molchg=1
&
entry_name: SM24_micro030
&zmat
C1     -4.8340280000000   0.9112810000000   0.2151430000000
O2     -4.0469100000000  -0.0315460000000  -0.5091080000000
C3     -2.6887790000000   0.0811200000000  -0.3912750000000
C4     -1.9578820000000  -0.8754000000000  -1.1019240000000
C5     -0.5607320000000  -0.8800830000000  -1.0633420000000
C6      0.1195370000000   0.0796000000000  -0.3087650000000
C7     -0.6071960000000   1.0420410000000   0.3987680000000
C8     -2.0072060000000   1.0412750000000   0.3584340000000
C9      1.5669300000000   0.0553810000000  -0.2342570000000
C10     2.2641800000000  -0.8541460000000   0.5531330000000
C11     1.9178530000000  -1.9278050000000   1.4833750000000
C12     2.6696240000000  -3.1103960000000   1.5106920000000
C13     2.3442540000000  -4.1466140000000   2.3929860000000
C14     1.2645810000000  -4.0231260000000   3.2684350000000
C15     0.5146950000000  -2.8485650000000   3.2555300000000
C16     0.8412790000000  -1.8102220000000   2.3709580000000
O17     1.0519550000000  -5.1052430000000   4.0765930000000
C18    -0.0501580000000  -5.0254950000000   4.9779950000000
O19     3.6043110000000  -0.6610660000000   0.3871260000000
C20     3.7741130000000   0.3491740000000  -0.5002180000000
C21     2.5475300000000   0.8390220000000  -0.9379850000000
N22     4.9943550000000   0.7579020000000  -0.8704050000000
C23     4.9088380000000   1.7440890000000  -1.7770270000000
N24     3.7884310000000   2.2659770000000  -2.2595420000000
C25     2.5728400000000   1.8743330000000  -1.8885310000000
N26     1.3670320000000   2.4340810000000  -2.4402810000000
C27     0.9865470000000   3.7505600000000  -1.8643120000000
C28    -0.0616330000000   4.4396980000000  -2.8017100000000
O29    -1.0886930000000   3.6246280000000  -3.0194210000000
H30     3.8884420000000   2.9998390000000  -2.9513400000000
H31     1.4506550000000   2.5171570000000  -3.4563640000000
H32     0.5693830000000   1.8032220000000  -2.3283560000000
H33    -5.8868160000000   0.6823930000000   0.0238140000000
H34    -4.6635720000000   0.8214310000000   1.2930440000000
H35    -4.6455180000000   1.9317590000000  -0.1339930000000
H36    -2.4769170000000  -1.6310960000000  -1.6891080000000
H37    -0.0184720000000  -1.6448350000000  -1.6168130000000
H38    -0.0988240000000   1.7898880000000   1.0054600000000
H39    -2.5305340000000   1.8039650000000   0.9285500000000
H40     3.5159230000000  -3.2436480000000   0.8380570000000
H41     2.9429340000000  -5.0558910000000   2.3899050000000
H42    -0.3313910000000  -2.6978280000000   3.9205160000000
H43     0.2418850000000  -0.9031050000000   2.4040720000000
H44    -0.0878880000000  -5.9630180000000   5.5409850000000
H45     0.0870990000000  -4.2102920000000   5.6959580000000
H46    -0.9959570000000  -4.9233930000000   4.4357600000000
H47     5.8375300000000   2.1557230000000  -2.1604120000000
H48     1.8835690000000   4.3799090000000  -1.7985720000000
H49     0.5899000000000   3.5835160000000  -0.8544770000000
H50     0.5214150000000   4.7719220000000  -3.6764850000000
H51    -0.2653110000000   5.4049260000000  -2.3108670000000
&
