MAEFILE: SM24_micro022.mae
&gen
molchg=2
&
entry_name: SM24_micro022
&zmat
C1      5.3218000000000  -5.0806000000000  -0.8235000000000
O2      4.3786000000000  -5.2003000000000   0.2313000000000
C3      3.1766000000000  -4.5383000000000   0.1052000000000
C4      2.2502000000000  -4.6851000000000   1.1566000000000
C5      1.0003000000000  -4.0394000000000   1.1118000000000
C6      0.6497000000000  -3.2278000000000   0.0138000000000
C7      1.5711000000000  -3.0870000000000  -1.0450000000000
C8      2.8229000000000  -3.7308000000000  -1.0037000000000
C9     -0.6503000000000  -2.5400000000000  -0.0214000000000
C10    -1.9119000000000  -3.1037000000000  -0.0348000000000
C11    -2.3712000000000  -4.4902000000000  -0.0589000000000
C12    -3.5845000000000  -4.8504000000000   0.5660000000000
C13    -4.0395000000000  -6.1823000000000   0.5399000000000
C14    -3.2994000000000  -7.1857000000000  -0.1155000000000
C15    -2.0851000000000  -6.8266000000000  -0.7503000000000
C16    -1.6316000000000  -5.4937000000000  -0.7215000000000
O17    -3.8169000000000  -8.4632000000000  -0.0958000000000
C18    -3.0909000000000  -9.4872000000000  -0.7595000000000
O19    -2.9210000000000  -2.1461000000000  -0.0393000000000
C20    -2.3091000000000  -0.9064000000000  -0.0267000000000
C21    -0.9358000000000  -1.1499000000000  -0.0111000000000
N22    -2.9065000000000   0.3152000000000  -0.0186000000000
C23    -2.0330000000000   1.3357000000000   0.0116000000000
N24    -0.6908000000000   1.2097000000000   0.0389000000000
C25    -0.0938000000000  -0.0155000000000   0.0315000000000
N26     1.3050000000000  -0.1023000000000   0.0739000000000
C27     2.1370000000000   1.0893000000000   0.1535000000000
C28     3.6339000000000   0.7356000000000   0.1384000000000
O29     4.0749000000000   0.3363000000000   1.4249000000000
H30    -0.1079000000000   2.0463000000000   0.0669000000000
H31     4.9908000000000   0.1065000000000   1.3709000000000
H32     3.9628000000000   1.0564000000000   2.0279000000000
H33     6.2120000000000  -5.6592000000000  -0.5773000000000
H34     4.9237000000000  -5.4716000000000  -1.7607000000000
H35     5.6315000000000  -4.0445000000000  -0.9662000000000
H36     2.5005000000000  -5.3010000000000   2.0083000000000
H37     0.3075000000000  -4.1680000000000   1.9309000000000
H38     1.3186000000000  -2.4770000000000  -1.9002000000000
H39     3.4947000000000  -3.5903000000000  -1.8369000000000
H40    -4.1761000000000  -4.1057000000000   1.0785000000000
H41    -4.9690000000000  -6.4363000000000   1.0280000000000
H42    -1.4833000000000  -7.5557000000000  -1.2712000000000
H43    -0.7085000000000  -5.2494000000000  -1.2252000000000
H44    -3.6251000000000 -10.4316000000000  -0.6567000000000
H45    -2.9923000000000  -9.2784000000000  -1.8257000000000
H46    -2.0999000000000  -9.6203000000000  -0.3235000000000
H47    -2.4119000000000   2.3475000000000   0.0215000000000
H48     1.7480000000000  -1.0106000000000   0.0777000000000
H49     1.8794000000000   1.6789000000000   1.0343000000000
H50     1.9145000000000   1.7063000000000  -0.7181000000000
H51     4.2116000000000   1.6107000000000  -0.1643000000000
H52     3.8411000000000  -0.0475000000000  -0.5932000000000
&
