MAEFILE: SM24_micro014.mae
&gen
molchg=1
&
entry_name: SM24_micro014
&zmat
C1     -4.8958000000000   1.0928000000000   0.2165000000000
O2     -4.1380000000000  -0.0056000000000  -0.2691000000000
C3     -2.7648000000000   0.0596000000000  -0.1699000000000
C4     -2.0321000000000  -1.0369000000000  -0.6659000000000
C5     -0.6255000000000  -1.0480000000000  -0.6122000000000
C6      0.0818000000000   0.0401000000000  -0.0607000000000
C7     -0.6505000000000   1.1334000000000   0.4474000000000
C8     -2.0573000000000   1.1498000000000   0.3935000000000
C9      1.5537000000000   0.0364000000000  -0.0219000000000
C10     2.3439000000000  -0.8788000000000   0.6350000000000
C11     2.0655000000000  -2.0369000000000   1.4815000000000
C12     2.9485000000000  -3.1378000000000   1.4978000000000
C13     2.6913000000000  -4.2542000000000   2.3162000000000
C14     1.5506000000000  -4.2968000000000   3.1421000000000
C15     0.6671000000000  -3.1898000000000   3.1345000000000
C16     0.9271000000000  -2.0748000000000   2.3151000000000
O17     1.3721000000000  -5.4261000000000   3.9123000000000
C18     0.2320000000000  -5.4834000000000   4.7574000000000
O19     3.6672000000000  -0.5842000000000   0.4298000000000
C20     3.6956000000000   0.5236000000000  -0.3568000000000
C21     2.4301000000000   0.9517000000000  -0.6757000000000
N22     4.8898000000000   1.1106000000000  -0.7681000000000
C23     4.7228000000000   2.1588000000000  -1.5255000000000
N24     3.4775000000000   2.6621000000000  -1.9092000000000
C25     2.2426000000000   2.1262000000000  -1.5493000000000
N26     1.0562000000000   2.5147000000000  -1.8832000000000
C27     0.9325000000000   3.6616000000000  -2.7577000000000
C28    -0.5536000000000   4.0128000000000  -2.9501000000000
O29    -1.2647000000000   2.9465000000000  -3.5578000000000
H30     3.4755000000000   3.4795000000000  -2.5015000000000
H31    -2.1731000000000   3.1957000000000  -3.6373000000000
H32    -0.8986000000000   2.7802000000000  -4.4134000000000
H33    -5.9564000000000   0.8936000000000   0.0636000000000
H34    -4.7393000000000   1.2438000000000   1.2855000000000
H35    -4.6530000000000   2.0121000000000  -0.3181000000000
H36    -2.5540000000000  -1.8792000000000  -1.0958000000000
H37    -0.0864000000000  -1.8991000000000  -1.0025000000000
H38    -0.1277000000000   1.9747000000000   0.8788000000000
H39    -2.5703000000000   2.0118000000000   0.7915000000000
H40     3.8306000000000  -3.1364000000000   0.8742000000000
H41     3.3785000000000  -5.0875000000000   2.3092000000000
H42    -0.2182000000000  -3.1688000000000   3.7515000000000
H43     0.2415000000000  -1.2411000000000   2.3400000000000
H44     0.2338000000000  -6.4284000000000   5.3004000000000
H45     0.2416000000000  -4.6802000000000   5.4953000000000
H46    -0.6937000000000  -5.4350000000000   4.1822000000000
H47     5.5729000000000   2.7199000000000  -1.9160000000000
H48     1.3944000000000   3.4591000000000  -3.7261000000000
H49     1.4463000000000   4.5262000000000  -2.3322000000000
H50    -0.6477000000000   4.9079000000000  -3.5671000000000
H51    -1.0099000000000   4.2420000000000  -1.9855000000000
&
