MAEFILE: SM24_micro034.mae
&gen
molchg=2
&
entry_name: SM24_micro034
&zmat
C1     -4.8824000000000   0.9323000000000   0.0947000000000
O2     -4.1051000000000  -0.1792000000000  -0.3273000000000
C3     -2.7329000000000  -0.0731000000000  -0.2559000000000
C4     -1.9774000000000  -1.1704000000000  -0.7145000000000
C5     -0.5705000000000  -1.1397000000000  -0.6849000000000
C6      0.1134000000000  -0.0080000000000  -0.1952000000000
C7     -0.6399000000000   1.0862000000000   0.2756000000000
C8     -2.0470000000000   1.0599000000000   0.2460000000000
C9      1.5827000000000   0.0232000000000  -0.1651000000000
C10     2.4369000000000  -0.8150000000000   0.5298000000000
C11     2.1969000000000  -1.9290000000000   1.4438000000000
C12     3.1193000000000  -2.9944000000000   1.5294000000000
C13     2.8942000000000  -4.0727000000000   2.4063000000000
C14     1.7466000000000  -4.1132000000000   3.2222000000000
C15     0.8251000000000  -3.0403000000000   3.1486000000000
C16     1.0536000000000  -1.9623000000000   2.2720000000000
O17     1.5994000000000  -5.2075000000000   4.0473000000000
C18     0.4368000000000  -5.2797000000000   4.8598000000000
O19     3.7793000000000  -0.5152000000000   0.3060000000000
C20     3.8110000000000   0.5522000000000  -0.5691000000000
C21     2.4812000000000   0.8769000000000  -0.8540000000000
N22     4.8785000000000   1.2019000000000  -1.1018000000000
C23     4.6493000000000   2.2198000000000  -1.9682000000000
N24     3.3745000000000   2.5750000000000  -2.2906000000000
C25     2.2852000000000   1.9478000000000  -1.7650000000000
N26     0.9312000000000   2.4323000000000  -2.2134000000000
C27     0.7616000000000   3.8996000000000  -2.2856000000000
C28    -0.7229000000000   4.2845000000000  -2.3825000000000
O29    -1.2239000000000   4.0408000000000  -1.1991000000000
H30     5.8307000000000   0.9245000000000  -0.8608000000000
H31     3.2296000000000   3.3417000000000  -2.9481000000000
H32     0.6905000000000   2.0489000000000  -3.1165000000000
H33     0.2275000000000   2.1141000000000  -1.5601000000000
H34    -5.9395000000000   0.7053000000000  -0.0422000000000
H35    -4.7262000000000   1.1494000000000   1.1522000000000
H36    -4.6575000000000   1.8230000000000  -0.4939000000000
H37    -2.4824000000000  -2.0462000000000  -1.0951000000000
H38    -0.0151000000000  -1.9949000000000  -1.0419000000000
H39    -0.1390000000000   1.9622000000000   0.6615000000000
H40    -2.5773000000000   1.9264000000000   0.6113000000000
H41     4.0073000000000  -2.9993000000000   0.9144000000000
H42     3.6101000000000  -4.8806000000000   2.4512000000000
H43    -0.0664000000000  -3.0190000000000   3.7568000000000
H44     0.3364000000000  -1.1557000000000   2.2483000000000
H45     0.4587000000000  -6.2036000000000   5.4376000000000
H46     0.3918000000000  -4.4500000000000   5.5665000000000
H47    -0.4719000000000  -5.2908000000000   4.2563000000000
H48     5.4821000000000   2.7476000000000  -2.4094000000000
H49     1.2888000000000   4.2597000000000  -3.1702000000000
H50     1.2315000000000   4.3797000000000  -1.4241000000000
H51    -1.1167000000000   3.7660000000000  -3.2578000000000
H52    -0.7286000000000   5.3108000000000  -2.7516000000000
&
