MAEFILE: SM24_micro033.mae
&gen
molchg=2
&
entry_name: SM24_micro033
&zmat
C1      5.2872000000000  -4.8511000000000  -0.7993000000000
O2      4.3995000000000  -4.9428000000000   0.3053000000000
C3      3.1740000000000  -4.3208000000000   0.2053000000000
C4      2.3206000000000  -4.4008000000000   1.3235000000000
C5      1.0549000000000  -3.7854000000000   1.3097000000000
C6      0.6177000000000  -3.0716000000000   0.1760000000000
C7      1.4643000000000  -2.9964000000000  -0.9483000000000
C8      2.7290000000000  -3.6152000000000  -0.9399000000000
C9     -0.7002000000000  -2.4244000000000   0.1652000000000
C10    -1.9446000000000  -3.0182000000000   0.0689000000000
C11    -2.3643000000000  -4.4109000000000  -0.0764000000000
C12    -3.6095000000000  -4.8384000000000   0.4337000000000
C13    -4.0237000000000  -6.1770000000000   0.2957000000000
C14    -3.2093000000000  -7.1215000000000  -0.3591000000000
C15    -1.9641000000000  -6.6947000000000  -0.8815000000000
C16    -1.5522000000000  -5.3555000000000  -0.7415000000000
O17    -3.6878000000000  -8.4112000000000  -0.4488000000000
C18    -2.8749000000000  -9.3812000000000  -1.0933000000000
O19    -2.9798000000000  -2.0874000000000   0.1162000000000
C20    -2.4020000000000  -0.8386000000000   0.2529000000000
C21    -1.0252000000000  -1.0522000000000   0.2848000000000
N22    -3.0272000000000   0.3685000000000   0.3513000000000
C23    -2.1837000000000   1.4084000000000   0.4974000000000
N24    -0.8387000000000   1.3176000000000   0.5512000000000
C25    -0.2366000000000   0.1045000000000   0.4450000000000
N26     1.2670000000000   0.0902000000000   0.5367000000000
C27     1.9683000000000   0.5944000000000  -0.6614000000000
C28     3.4861000000000   0.6449000000000  -0.4413000000000
O29     4.0075000000000  -0.6612000000000  -0.3317000000000
H30    -0.2725000000000   2.1578000000000   0.6720000000000
H31     1.5703000000000   0.6481000000000   1.3222000000000
H32     1.5941000000000  -0.8533000000000   0.6941000000000
H33     6.2112000000000  -5.3792000000000  -0.5638000000000
H34     4.8622000000000  -5.3131000000000  -1.6913000000000
H35     5.5467000000000  -3.8141000000000  -1.0170000000000
H36     2.6404000000000  -4.9406000000000   2.2029000000000
H37     0.4174000000000  -3.8630000000000   2.1786000000000
H38     1.1421000000000  -2.4631000000000  -1.8307000000000
H39     3.3426000000000  -3.5289000000000  -1.8239000000000
H40    -4.2584000000000  -4.1422000000000   0.9448000000000
H41    -4.9781000000000  -6.4826000000000   0.6989000000000
H42    -1.3049000000000  -7.3760000000000  -1.3974000000000
H43    -0.6023000000000  -5.0628000000000  -1.1619000000000
H44    -3.3811000000000 -10.3462000000000  -1.0727000000000
H45    -2.6991000000000  -9.1231000000000  -2.1385000000000
H46    -1.9173000000000  -9.5011000000000  -0.5845000000000
H47    -2.5926000000000   2.4042000000000   0.5867000000000
H48     1.6067000000000   1.5990000000000  -0.8836000000000
H49     1.7234000000000  -0.0285000000000  -1.5228000000000
H50     3.7372000000000   1.2174000000000   0.4523000000000
H51     3.9696000000000   1.1367000000000  -1.2859000000000
H52     4.9487000000000  -0.6067000000000  -0.2536000000000
&
