MAEFILE: SM24_micro002.mae
&gen
molchg=-1
&
entry_name: SM24_micro002
&zmat
C1      5.1086000000000  -5.4985000000000  -1.0979000000000
O2      4.4955000000000  -4.9973000000000   0.0806000000000
C3      3.2560000000000  -4.4057000000000  -0.0365000000000
C4      2.6763000000000  -3.8914000000000   1.1402000000000
C5      1.4156000000000  -3.2663000000000   1.1079000000000
C6      0.7048000000000  -3.1459000000000  -0.1035000000000
C7      1.2799000000000  -3.6613000000000  -1.2821000000000
C8      2.5422000000000  -4.2848000000000  -1.2547000000000
C9     -0.6133000000000  -2.4970000000000  -0.1398000000000
C10    -1.8492000000000  -3.1062000000000  -0.0472000000000
C11    -2.2576000000000  -4.5013000000000   0.1206000000000
C12    -3.4542000000000  -4.9651000000000  -0.4675000000000
C13    -3.8604000000000  -6.3045000000000  -0.3165000000000
C14    -3.0861000000000  -7.2141000000000   0.4300000000000
C15    -1.8901000000000  -6.7509000000000   1.0308000000000
C16    -1.4864000000000  -5.4105000000000   0.8768000000000
O17    -3.5532000000000  -8.5074000000000   0.5267000000000
C18    -2.7840000000000  -9.4407000000000   1.2709000000000
O19    -2.8961000000000  -2.1993000000000  -0.1492000000000
C20    -2.3412000000000  -0.9467000000000  -0.3319000000000
C21    -0.9491000000000  -1.1271000000000  -0.3301000000000
N22    -3.0121000000000   0.2260000000000  -0.5002000000000
C23    -2.1504000000000   1.2308000000000  -0.6889000000000
N24    -0.8116000000000   1.1961000000000  -0.7231000000000
C25    -0.1361000000000   0.0280000000000  -0.5311000000000
N26     1.2070000000000   0.0013000000000  -0.6062000000000
C27     2.0237000000000   0.3975000000000   0.5401000000000
C28     3.5158000000000   0.3754000000000   0.1686000000000
O29     3.9705000000000  -0.9416000000000  -0.0720000000000
H30     6.0809000000000  -5.9213000000000  -0.8455000000000
H31     4.5121000000000  -6.2913000000000  -1.5511000000000
H32     5.2734000000000  -4.7061000000000  -1.8294000000000
H33     3.2067000000000  -3.9700000000000   2.0776000000000
H34     0.9925000000000  -2.8728000000000   2.0204000000000
H35     0.7497000000000  -3.5747000000000  -2.2192000000000
H36     2.9413000000000  -4.6607000000000  -2.1843000000000
H37    -4.0685000000000  -4.2943000000000  -1.0503000000000
H38    -4.7771000000000  -6.6373000000000  -0.7807000000000
H39    -1.2630000000000  -7.4040000000000   1.6183000000000
H40    -0.5764000000000  -5.0879000000000   1.3574000000000
H41    -3.2769000000000 -10.4124000000000   1.2475000000000
H42    -1.7874000000000  -9.5661000000000   0.8452000000000
H43    -2.6955000000000  -9.1407000000000   2.3159000000000
H44    -2.5950000000000   2.2032000000000  -0.8404000000000
H45     1.8554000000000  -0.2487000000000   1.4027000000000
H46     1.7697000000000   1.4039000000000   0.8752000000000
H47     4.1061000000000   0.7955000000000   0.9831000000000
H48     3.7054000000000   0.9900000000000  -0.7123000000000
H49     4.8755000000000  -0.9017000000000  -0.3383000000000
&
