MAEFILE: SM24_micro005.mae
&gen
molchg=1
&
entry_name: SM24_micro005
&zmat
C1     -4.8427000000000   1.1555000000000   0.1675000000000
O2     -4.0894000000000   0.0541000000000  -0.3185000000000
C3     -2.7163000000000   0.1118000000000  -0.2142000000000
C4     -1.9880000000000  -0.9945000000000  -0.6949000000000
C5     -0.5818000000000  -1.0147000000000  -0.6317000000000
C6      0.1299000000000   0.0742000000000  -0.0874000000000
C7     -0.5980000000000   1.1786000000000   0.4026000000000
C8     -2.0043000000000   1.2038000000000   0.3403000000000
C9      1.6015000000000   0.0586000000000  -0.0353000000000
C10     2.3905000000000  -0.8618000000000   0.6288000000000
C11     2.0968000000000  -2.0191000000000   1.4714000000000
C12     2.9745000000000  -3.1241000000000   1.4961000000000
C13     2.7024000000000  -4.2407000000000   2.3091000000000
C14     1.5523000000000  -4.2797000000000   3.1215000000000
C15     0.6736000000000  -3.1688000000000   3.1057000000000
C16     0.9483000000000  -2.0532000000000   2.2916000000000
O17     1.3608000000000  -5.4102000000000   3.8866000000000
C18     0.2117000000000  -5.4658000000000   4.7191000000000
O19     3.7291000000000  -0.5804000000000   0.4388000000000
C20     3.7402000000000   0.5227000000000  -0.3460000000000
C21     2.5025000000000   0.9577000000000  -0.6736000000000
N22     4.8705000000000   1.1788000000000  -0.8132000000000
C23     4.7338000000000   2.2990000000000  -1.6336000000000
N24     3.5852000000000   2.7917000000000  -2.0126000000000
C25     2.3590000000000   2.1469000000000  -1.5609000000000
N26     1.1850000000000   2.5217000000000  -1.8739000000000
C27     0.9934000000000   3.6676000000000  -2.7382000000000
C28    -0.5096000000000   3.9575000000000  -2.8919000000000
O29    -1.1870000000000   2.8685000000000  -3.4977000000000
H30     5.7750000000000   0.8197000000000  -0.5418000000000
H31    -2.1063000000000   3.0802000000000  -3.5573000000000
H32    -0.8304000000000   2.7275000000000  -4.3616000000000
H33    -5.9041000000000   0.9599000000000   0.0155000000000
H34    -4.6850000000000   1.3066000000000   1.2364000000000
H35    -4.5966000000000   2.0735000000000  -0.3680000000000
H36    -2.5127000000000  -1.8383000000000  -1.1185000000000
H37    -0.0465000000000  -1.8744000000000  -1.0082000000000
H38    -0.0727000000000   2.0219000000000   0.8271000000000
H39    -2.5138000000000   2.0740000000000   0.7252000000000
H40     3.8637000000000  -3.1266000000000   0.8825000000000
H41     3.3850000000000  -5.0779000000000   2.3087000000000
H42    -0.2190000000000  -3.1457000000000   3.7117000000000
H43     0.2661000000000  -1.2165000000000   2.3099000000000
H44     0.2034000000000  -6.4134000000000   5.2575000000000
H45     0.2177000000000  -4.6656000000000   5.4604000000000
H46    -0.7076000000000  -5.4107000000000   4.1346000000000
H47     5.6785000000000   2.7469000000000  -1.9454000000000
H48     1.4406000000000   3.4911000000000  -3.7185000000000
H49     1.4808000000000   4.5497000000000  -2.3182000000000
H50    -0.6558000000000   4.8552000000000  -3.4948000000000
H51    -0.9536000000000   4.1543000000000  -1.9146000000000
&
