MAEFILE: SM24_micro024.mae
&gen
&
entry_name: SM24_micro024
&zmat
C1      5.4289000000000  -4.7556000000000  -0.6501000000000
O2      4.6425000000000  -4.5767000000000   0.5185000000000
C3      3.3757000000000  -4.0537000000000   0.3728000000000
C4      2.6089000000000  -3.8925000000000   1.5442000000000
C5      1.3067000000000  -3.3615000000000   1.4859000000000
C6      0.7442000000000  -2.9766000000000   0.2529000000000
C7      1.5083000000000  -3.1351000000000  -0.9215000000000
C8      2.8094000000000  -3.6706000000000  -0.8682000000000
C9     -0.6059000000000  -2.3989000000000   0.1971000000000
C10    -1.8071000000000  -3.0631000000000   0.0379000000000
C11    -2.1517000000000  -4.4770000000000  -0.1241000000000
C12    -3.3896000000000  -4.9626000000000   0.3515000000000
C13    -3.7388000000000  -6.3185000000000   0.2049000000000
C14    -2.8635000000000  -7.2254000000000  -0.4233000000000
C15    -1.6250000000000  -6.7422000000000  -0.9113000000000
C16    -1.2797000000000  -5.3850000000000  -0.7637000000000
O17    -3.2795000000000  -8.5359000000000  -0.5231000000000
C18    -2.3968000000000  -9.4713000000000  -1.1248000000000
O19    -2.8942000000000  -2.1973000000000   0.0528000000000
C20    -2.4045000000000  -0.9197000000000   0.2473000000000
C21    -1.0099000000000  -1.0425000000000   0.3415000000000
N22    -3.1302000000000   0.2278000000000   0.3477000000000
C23    -2.3237000000000   1.2706000000000   0.5724000000000
N24    -0.9894000000000   1.2908000000000   0.6968000000000
C25    -0.2589000000000   0.1472000000000   0.5760000000000
N26     1.0754000000000   0.1728000000000   0.7491000000000
C27     1.9617000000000   0.5736000000000  -0.3392000000000
C28     3.4082000000000   0.1371000000000  -0.0234000000000
O29     3.9268000000000   0.7313000000000   1.1622000000000
H30     4.7797000000000   0.3624000000000   1.3323000000000
H31     4.0002000000000   1.6686000000000   1.0536000000000
H32     6.3919000000000  -5.1840000000000  -0.3728000000000
H33     4.9525000000000  -5.4427000000000  -1.3505000000000
H34     5.6221000000000  -3.8053000000000  -1.1498000000000
H35     3.0237000000000  -4.1772000000000   2.4998000000000
H36     0.7387000000000  -3.2406000000000   2.3968000000000
H37     1.0937000000000  -2.8387000000000  -1.8740000000000
H38     3.3547000000000  -3.7706000000000  -1.7943000000000
H39    -4.0835000000000  -4.2965000000000   0.8435000000000
H40    -4.6895000000000  -6.6665000000000   0.5818000000000
H41    -0.9209000000000  -7.3925000000000  -1.4075000000000
H42    -0.3344000000000  -5.0517000000000  -1.1598000000000
H43    -2.8596000000000 -10.4581000000000  -1.1184000000000
H44    -2.1880000000000  -9.2118000000000  -2.1635000000000
H45    -1.4580000000000  -9.5442000000000  -0.5740000000000
H46    -2.8155000000000   2.2264000000000   0.6752000000000
H47     1.9428000000000   1.6524000000000  -0.4980000000000
H48     1.6626000000000   0.1267000000000  -1.2881000000000
H49     4.0610000000000   0.3845000000000  -0.8618000000000
H50     3.4442000000000  -0.9473000000000   0.0882000000000
&
