MAEFILE: SM02_micro006.mae
&gen
molchg=1
&
entry_name: SM02_micro006
&zmat
C1     -3.7439000000000   2.5011000000000  -1.0616000000000
C2     -4.2838000000000   1.2095000000000  -0.9060000000000
C3     -3.5792000000000   0.2316000000000  -0.1793000000000
C4     -2.3315000000000   0.5427000000000   0.3920000000000
C5     -1.7914000000000   1.8371000000000   0.2303000000000
C6     -2.4955000000000   2.8362000000000  -0.4978000000000
C7     -0.5444000000000   2.2316000000000   0.7658000000000
N8     -0.0357000000000   3.4719000000000   0.6230000000000
C9     -0.7848000000000   4.3271000000000  -0.0775000000000
N10    -1.9709000000000   4.0766000000000  -0.6406000000000
N11     0.3287000000000   1.2922000000000   1.5533000000000
C12     1.4484000000000   0.7199000000000   0.7286000000000
C13     1.2380000000000  -0.4685000000000   0.0040000000000
C14     2.2903000000000  -0.9930000000000  -0.7705000000000
C15     3.5357000000000  -0.3331000000000  -0.8124000000000
C16     3.7437000000000   0.8564000000000  -0.0761000000000
C17     2.6887000000000   1.3846000000000   0.6985000000000
C18     5.0793000000000   1.5822000000000  -0.1185000000000
F19     4.9582000000000   2.6795000000000  -0.8642000000000
F20     5.4425000000000   1.9375000000000   1.1140000000000
F21     6.0407000000000   0.8165000000000  -0.6352000000000
H22     0.7148000000000   1.7842000000000   2.3462000000000
H23    -0.2355000000000   0.5409000000000   1.9229000000000
H24    -4.2965000000000   3.2427000000000  -1.6201000000000
H25    -5.2418000000000   0.9700000000000  -1.3439000000000
H26    -3.9977000000000  -0.7573000000000  -0.0594000000000
H27    -1.8045000000000  -0.2165000000000   0.9502000000000
H28    -0.3901000000000   5.3243000000000  -0.2045000000000
H29     0.2840000000000  -0.9737000000000   0.0333000000000
H30     2.1424000000000  -1.9012000000000  -1.3365000000000
H31     4.3287000000000  -0.7481000000000  -1.4169000000000
H32     2.8303000000000   2.2975000000000   1.2590000000000
&
