MAEFILE: SM02_micro007.mae
&gen
&
entry_name: SM02_micro007
&zmat
C1      0.1773000000000   5.1695000000000   0.6757000000000
C2      1.3875000000000   5.2189000000000   1.3880000000000
C3      2.1034000000000   4.0325000000000   1.6241000000000
C4      1.6259000000000   2.8026000000000   1.1307000000000
C5      0.4323000000000   2.7297000000000   0.3655000000000
C6     -0.2960000000000   3.9371000000000   0.1847000000000
C7     -0.1763000000000   1.4625000000000  -0.2278000000000
N8     -1.5479000000000   1.5184000000000  -0.6950000000000
C9     -2.1322000000000   2.6710000000000  -0.8018000000000
N10    -1.5335000000000   3.8688000000000  -0.4548000000000
N11     0.4107000000000   0.3349000000000  -0.3820000000000
C12     1.7768000000000   0.1016000000000  -0.2257000000000
C13     2.2162000000000  -0.8036000000000   0.7623000000000
C14     3.5892000000000  -1.0708000000000   0.9184000000000
C15     4.5293000000000  -0.4437000000000   0.0791000000000
C16     4.1036000000000   0.4499000000000  -0.9262000000000
C17     2.7239000000000   0.7091000000000  -1.0823000000000
C18     5.1335000000000   1.1107000000000  -1.8301000000000
F19     4.5969000000000   2.0871000000000  -2.5630000000000
F20     6.1142000000000   1.6313000000000  -1.0924000000000
F21     5.6516000000000   0.1974000000000  -2.6506000000000
H22    -2.0181000000000   4.7486000000000  -0.5603000000000
H23    -0.3924000000000   6.0745000000000   0.5225000000000
H24     1.7534000000000   6.1596000000000   1.7722000000000
H25     3.0200000000000   4.0625000000000   2.1947000000000
H26     2.2014000000000   1.9274000000000   1.3785000000000
H27    -3.1546000000000   2.7652000000000  -1.1705000000000
H28     1.5001000000000  -1.2912000000000   1.4079000000000
H29     3.9212000000000  -1.7587000000000   1.6817000000000
H30     5.5814000000000  -0.6541000000000   0.2035000000000
H31     2.3826000000000   1.3819000000000  -1.8553000000000
&
