MAEFILE: SM02_micro005.mae
&gen
molchg=1
&
entry_name: SM02_micro005
&zmat
C1     -3.9890000000000   2.8797000000000  -1.2951000000000
C2     -4.6360000000000   1.7492000000000  -1.8283000000000
C3     -3.9477000000000   0.5266000000000  -1.9240000000000
C4     -2.6135000000000   0.4350000000000  -1.4859000000000
C5     -1.9620000000000   1.5705000000000  -0.9487000000000
C6     -2.6522000000000   2.8066000000000  -0.8504000000000
C7     -0.6189000000000   1.5363000000000  -0.4945000000000
N8     -0.0625000000000   2.6640000000000   0.0200000000000
C9     -0.7699000000000   3.7994000000000   0.0827000000000
N10    -2.0343000000000   3.8900000000000  -0.3380000000000
N11     0.1404000000000   0.3526000000000  -0.5325000000000
C12     1.5174000000000   0.1681000000000  -0.3292000000000
C13     1.9521000000000  -1.0656000000000   0.1975000000000
C14     3.3227000000000  -1.3110000000000   0.4034000000000
C15     4.2729000000000  -0.3261000000000   0.0754000000000
C16     3.8566000000000   0.9087000000000  -0.4665000000000
C17     2.4806000000000   1.1443000000000  -0.6764000000000
C18     4.8763000000000   1.9710000000000  -0.8489000000000
F19     4.3933000000000   3.1902000000000  -0.6070000000000
F20     6.0078000000000   1.8262000000000  -0.1585000000000
F21     5.1495000000000   1.8673000000000  -2.1487000000000
H22     0.8994000000000   2.6387000000000   0.3592000000000
H23    -4.5261000000000   3.8146000000000  -1.2260000000000
H24    -5.6604000000000   1.8209000000000  -2.1641000000000
H25    -4.4438000000000  -0.3411000000000  -2.3345000000000
H26    -2.1043000000000  -0.5136000000000  -1.5709000000000
H27    -0.2707000000000   4.6619000000000   0.5000000000000
H28    -0.3931000000000  -0.4948000000000  -0.6634000000000
H29     1.2333000000000  -1.8314000000000   0.4516000000000
H30     3.6465000000000  -2.2575000000000   0.8109000000000
H31     5.3220000000000  -0.5288000000000   0.2331000000000
H32     2.1766000000000   2.0776000000000  -1.1259000000000
&
