MAEFILE: SM02_micro003.mae
&gen
&
entry_name: SM02_micro003
&zmat
C1     -0.0712000000000   5.1858000000000   0.2391000000000
C2      1.0820000000000   5.3356000000000   1.0283000000000
C3      1.7703000000000   4.1980000000000   1.4810000000000
C4      1.3288000000000   2.9133000000000   1.1155000000000
C5      0.2081000000000   2.7423000000000   0.2637000000000
C6     -0.5328000000000   3.9045000000000  -0.1286000000000
C7     -0.3260000000000   1.3916000000000  -0.1977000000000
N8     -1.6353000000000   1.4906000000000  -0.6353000000000
C9     -2.2734000000000   2.6625000000000  -1.0083000000000
N10    -1.7607000000000   3.8378000000000  -0.8242000000000
N11     0.2975000000000   0.2516000000000  -0.2257000000000
C12     1.6729000000000   0.1260000000000  -0.0242000000000
C13     2.1435000000000  -0.6759000000000   1.0361000000000
C14     3.5262000000000  -0.8342000000000   1.2462000000000
C15     4.4471000000000  -0.2050000000000   0.3873000000000
C16     3.9917000000000   0.5772000000000  -0.6955000000000
C17     2.6034000000000   0.7351000000000  -0.8986000000000
C18     4.9909000000000   1.2590000000000  -1.6183000000000
F19     4.4576000000000   1.4978000000000  -2.8170000000000
F20     5.3654000000000   2.4177000000000  -1.0774000000000
F21     6.0704000000000   0.4948000000000  -1.7872000000000
H22    -2.1101000000000   0.6249000000000  -0.8467000000000
H23    -0.6201000000000   6.0651000000000  -0.0658000000000
H24     1.4206000000000   6.3216000000000   1.3106000000000
H25     2.6370000000000   4.3094000000000   2.1157000000000
H26     1.8747000000000   2.0746000000000   1.5139000000000
H27    -3.2406000000000   2.5224000000000  -1.4931000000000
H28     1.4433000000000  -1.1637000000000   1.6988000000000
H29     3.8812000000000  -1.4385000000000   2.0681000000000
H30     5.5060000000000  -0.3278000000000   0.5612000000000
H31     2.2457000000000   1.3365000000000  -1.7218000000000
&
