MAEFILE: SM02_micro012.mae
&gen
molchg=2
&
entry_name: SM02_micro012
&zmat
C1     -4.4365000000000   2.0262000000000   0.2837000000000
C2     -5.0768000000000   0.8689000000000  -0.1998000000000
C3     -4.3113000000000  -0.2244000000000  -0.6526000000000
C4     -2.9025000000000  -0.1695000000000  -0.6247000000000
C5     -2.2460000000000   0.9869000000000  -0.1412000000000
C6     -3.0298000000000   2.0753000000000   0.3077000000000
C7     -0.7792000000000   1.0877000000000  -0.0944000000000
N8     -0.2466000000000   2.2317000000000   0.3871000000000
C9     -1.0170000000000   3.2588000000000   0.8091000000000
N10    -2.3667000000000   3.2517000000000   0.7960000000000
N11     0.0051000000000   0.0616000000000  -0.5057000000000
C12     1.4499000000000   0.0668000000000  -0.4466000000000
C13     2.2123000000000   1.1124000000000  -1.0142000000000
C14     3.6177000000000   1.0577000000000  -0.9568000000000
C15     4.2585000000000  -0.0378000000000  -0.3454000000000
C16     3.5002000000000  -1.0916000000000   0.2114000000000
C17     2.0904000000000  -1.0388000000000   0.1472000000000
C18     4.1944000000000  -2.2836000000000   0.8533000000000
F19     3.4428000000000  -2.8032000000000   1.8243000000000
F20     4.4052000000000  -3.2174000000000  -0.0733000000000
F21     5.3662000000000  -1.9259000000000   1.3793000000000
H22     0.7586000000000   2.3205000000000   0.4363000000000
H23    -2.8781000000000   4.0587000000000   1.1267000000000
H24    -5.0240000000000   2.8640000000000   0.6305000000000
H25    -6.1558000000000   0.8187000000000  -0.2244000000000
H26    -4.8082000000000  -1.1093000000000  -1.0235000000000
H27    -2.3436000000000  -1.0233000000000  -0.9794000000000
H28    -0.5188000000000   4.1454000000000   1.1827000000000
H29    -0.4726000000000  -0.8275000000000  -0.5544000000000
H30     1.7335000000000   1.9477000000000  -1.5040000000000
H31     4.2074000000000   1.8528000000000  -1.3894000000000
H32     5.3380000000000  -0.0694000000000  -0.3147000000000
H33     1.5009000000000  -1.8462000000000   0.5571000000000
&
