MAEFILE: SM03_micro024.mae
&gen
molchg=2
&
entry_name: SM03_micro024
&zmat
C1     -0.6233000000000   2.0876000000000  -1.1730000000000
C2     -1.1272000000000   3.4019000000000  -1.2261000000000
C3     -1.5162000000000   4.0560000000000  -0.0410000000000
C4     -1.4013000000000   3.3960000000000   1.1976000000000
C5     -0.8979000000000   2.0817000000000   1.2518000000000
C6     -0.5079000000000   1.4232000000000   0.0663000000000
C7      0.0391000000000   0.0101000000000   0.1217000000000
C8      1.5518000000000  -0.0199000000000   0.0662000000000
N9      2.3525000000000   0.5484000000000   0.9841000000000
N10     3.6411000000000   0.4176000000000   0.7606000000000
C11     3.9305000000000  -0.2669000000000  -0.3506000000000
S12     2.4824000000000  -0.8108000000000  -1.2289000000000
N13     5.2872000000000  -0.4848000000000  -0.7048000000000
C14     5.7607000000000  -1.1621000000000  -1.7658000000000
O15     5.0494000000000  -1.7033000000000  -2.6117000000000
C16     7.2357000000000  -1.2244000000000  -1.8573000000000
C17     8.2238000000000  -0.6913000000000  -1.0654000000000
C18     9.5383000000000  -1.0038000000000  -1.5222000000000
C19     9.5392000000000  -1.7684000000000  -2.6584000000000
S20     7.9196000000000  -2.1224000000000  -3.1944000000000
H21     1.9822000000000   1.0468000000000   1.7934000000000
H22     4.3571000000000   0.8004000000000   1.3779000000000
H23    -0.3273000000000   1.5916000000000  -2.0861000000000
H24    -1.2178000000000   3.9081000000000  -2.1761000000000
H25    -1.9048000000000   5.0632000000000  -0.0826000000000
H26    -1.7021000000000   3.8976000000000   2.1057000000000
H27    -0.8149000000000   1.5824000000000   2.2061000000000
H28    -0.3653000000000  -0.5666000000000  -0.7112000000000
H29    -0.2955000000000  -0.4850000000000   1.0342000000000
H30     5.9804000000000  -0.0905000000000  -0.0851000000000
H31     8.0565000000000  -0.0945000000000  -0.1811000000000
H32    10.4252000000000  -0.6624000000000  -1.0089000000000
H33    10.3878000000000  -2.1441000000000  -3.2111000000000
&
