MAEFILE: SM03_micro022.mae
&gen
molchg=1
&
entry_name: SM03_micro022
&zmat
C1     -0.7336000000000   2.0022000000000  -1.2004000000000
C2     -1.2644000000000   3.3063000000000  -1.2366000000000
C3     -1.6040000000000   3.9621000000000  -0.0376000000000
C4     -1.4126000000000   3.3137000000000   1.1978000000000
C5     -0.8820000000000   2.0096000000000   1.2348000000000
C6     -0.5392000000000   1.3491000000000   0.0356000000000
C7      0.0384000000000  -0.0544000000000   0.0740000000000
C8      1.5397000000000  -0.0477000000000   0.0196000000000
N9      2.2376000000000  -0.1805000000000  -1.0464000000000
N10     3.5335000000000  -0.1214000000000  -0.7808000000000
C11     3.9576000000000   0.0794000000000   0.5316000000000
S12     2.4543000000000   0.1680000000000   1.5225000000000
N13     5.1695000000000   0.1621000000000   0.9958000000000
C14     6.2836000000000   0.1713000000000   0.1594000000000
O15     7.3390000000000  -0.3773000000000   0.4698000000000
H16     7.3491000000000  -0.5460000000000   1.4676000000000
C17     6.2589000000000   0.9149000000000  -1.1250000000000
C18     6.5690000000000   0.5169000000000  -2.4006000000000
C19     6.4009000000000   1.5557000000000  -3.3633000000000
C20     5.9702000000000   2.7321000000000  -2.8087000000000
S21     5.7612000000000   2.5919000000000  -1.0843000000000
H22     4.1863000000000  -0.2048000000000  -1.5469000000000
H23    -0.4725000000000   1.5054000000000  -2.1235000000000
H24    -1.4101000000000   3.8033000000000  -2.1845000000000
H25    -2.0110000000000   4.9620000000000  -0.0653000000000
H26    -1.6723000000000   3.8170000000000   2.1174000000000
H27    -0.7359000000000   1.5196000000000   2.1863000000000
H28    -0.3639000000000  -0.6283000000000  -0.7620000000000
H29    -0.2987000000000  -0.5625000000000   0.9782000000000
H30     6.9025000000000  -0.4730000000000  -2.6757000000000
H31     6.5994000000000   1.4065000000000  -4.4147000000000
H32     5.7646000000000   3.6690000000000  -3.3056000000000
&
