MAEFILE: SM04_micro013.mae
&gen
molchg=2
&
entry_name: SM04_micro013
&zmat
C1     -3.7292000000000   3.2953000000000  -0.0005000000000
C2     -4.6537000000000   2.2319000000000   0.0000000000000
C3     -4.1988000000000   0.8980000000000   0.0003000000000
C4     -2.8177000000000   0.6183000000000   0.0002000000000
C5     -1.8889000000000   1.6825000000000  -0.0002000000000
C6     -2.3467000000000   3.0236000000000  -0.0006000000000
C7     -0.4911000000000   1.5045000000000  -0.0002000000000
N8      0.3677000000000   2.5452000000000  -0.0008000000000
C9     -0.1343000000000   3.7869000000000  -0.0013000000000
N10    -1.4520000000000   4.0447000000000  -0.0011000000000
N11     0.1248000000000   0.1174000000000   0.0009000000000
C12     1.5999000000000   0.0104000000000   0.0011000000000
C13     2.0238000000000  -1.4446000000000   0.0043000000000
C14     2.2194000000000  -2.1234000000000   1.2258000000000
C15     2.6098000000000  -3.4768000000000   1.2283000000000
C16     2.8060000000000  -4.1566000000000   0.0103000000000
Cl17    3.2845000000000  -5.8140000000000   0.0139000000000
C18     2.6113000000000  -3.4817000000000  -1.2106000000000
C19     2.2209000000000  -2.1283000000000  -1.2142000000000
H20    -1.7899000000000   5.0076000000000  -0.0014000000000
H21    -0.1971000000000  -0.3888000000000   0.8133000000000
H22    -0.1971000000000  -0.3902000000000  -0.8106000000000
H23    -4.0893000000000   4.3143000000000  -0.0008000000000
H24    -5.7141000000000   2.4390000000000   0.0001000000000
H25    -4.9135000000000   0.0874000000000   0.0007000000000
H26    -2.4908000000000  -0.4112000000000   0.0005000000000
H27     0.5273000000000   4.6409000000000  -0.0017000000000
H28     2.0108000000000   0.5105000000000   0.8794000000000
H29     2.0108000000000   0.5069000000000  -0.8792000000000
H30     2.0726000000000  -1.6099000000000   2.1649000000000
H31     2.7598000000000  -3.9926000000000   2.1656000000000
H32     2.7625000000000  -4.0014000000000  -2.1456000000000
H33     2.0753000000000  -1.6187000000000  -2.1556000000000
&
