MAEFILE: SM04_micro014.mae
&gen
molchg=2
&
entry_name: SM04_micro014
&zmat
C1     -4.4728000000000   2.1418000000000  -0.0101000000000
C2     -5.1243000000000   0.8930000000000  -0.0124000000000
C3     -4.3693000000000  -0.2974000000000  -0.0128000000000
C4     -2.9601000000000  -0.2490000000000  -0.0106000000000
C5     -2.2941000000000   0.9987000000000  -0.0081000000000
C6     -3.0655000000000   2.1838000000000  -0.0081000000000
C7     -0.8285000000000   1.0986000000000  -0.0044000000000
N8     -0.2774000000000   2.3298000000000  -0.0018000000000
C9     -1.0371000000000   3.4484000000000  -0.0022000000000
N10    -2.3877000000000   3.4508000000000  -0.0056000000000
N11    -0.0411000000000   0.0043000000000  -0.0028000000000
C12     1.4283000000000  -0.0157000000000   0.0029000000000
C13     1.9717000000000  -1.4289000000000   0.0064000000000
C14     2.2184000000000  -2.0902000000000   1.2276000000000
C15     2.7160000000000  -3.4081000000000   1.2295000000000
C16     2.9659000000000  -4.0693000000000   0.0110000000000
Cl17    3.5740000000000  -5.6839000000000   0.0138000000000
C18     2.7173000000000  -3.4119000000000  -1.2099000000000
C19     2.2198000000000  -2.0941000000000  -1.2123000000000
H20     0.7285000000000   2.4208000000000   0.0005000000000
H21    -2.8894000000000   4.3285000000000  -0.0055000000000
H22    -5.0525000000000   3.0537000000000  -0.0096000000000
H23    -6.2038000000000   0.8470000000000  -0.0136000000000
H24    -4.8739000000000  -1.2528000000000  -0.0144000000000
H25    -2.4070000000000  -1.1772000000000  -0.0106000000000
H26    -0.5296000000000   4.4055000000000   0.0004000000000
H27    -0.4913000000000  -0.9006000000000  -0.0060000000000
H28     1.7987000000000   0.5148000000000   0.8813000000000
H29     1.8048000000000   0.5120000000000  -0.8745000000000
H30     2.0273000000000  -1.5901000000000   2.1660000000000
H31     2.9056000000000  -3.9108000000000   2.1666000000000
H32     2.9080000000000  -3.9173000000000  -2.1454000000000
H33     2.0297000000000  -1.5966000000000  -2.1522000000000
&
