MAEFILE: SM04_micro004.mae
&gen
&
entry_name: SM04_micro004
&zmat
C1     -3.7991000000000   2.9541000000000   0.0008000000000
C2     -4.6389000000000   1.8245000000000   0.0014000000000
C3     -4.0804000000000   0.5318000000000   0.0018000000000
C4     -2.6815000000000   0.3622000000000   0.0014000000000
C5     -1.8237000000000   1.4884000000000   0.0007000000000
C6     -2.4013000000000   2.7826000000000   0.0004000000000
C7     -0.3228000000000   1.3877000000000   0.0001000000000
N8      0.4642000000000   2.6100000000000  -0.0009000000000
C9     -0.1559000000000   3.7505000000000  -0.0010000000000
N10    -1.5368000000000   3.8789000000000  -0.0003000000000
N11     0.1943000000000   0.2222000000000   0.0006000000000
C12     1.6354000000000   0.0704000000000   0.0002000000000
C13     1.9992000000000  -1.4018000000000   0.0038000000000
C14     2.1659000000000  -2.0881000000000   1.2252000000000
C15     2.5010000000000  -3.4562000000000   1.2287000000000
C16     2.6703000000000  -4.1434000000000   0.0108000000000
Cl17    3.0819000000000  -5.8190000000000   0.0149000000000
C18     2.5032000000000  -3.4618000000000  -1.2106000000000
C19     2.1680000000000  -2.0937000000000  -1.2141000000000
H20    -1.9817000000000   4.7854000000000  -0.0001000000000
H21    -4.2290000000000   3.9451000000000   0.0005000000000
H22    -5.7118000000000   1.9490000000000   0.0017000000000
H23    -4.7267000000000  -0.3336000000000   0.0023000000000
H24    -2.2795000000000  -0.6406000000000   0.0017000000000
H25     0.3861000000000   4.6972000000000  -0.0017000000000
H26     2.0784000000000   0.5462000000000   0.8775000000000
H27     2.0772000000000   0.5417000000000  -0.8801000000000
H28     2.0354000000000  -1.5669000000000   2.1624000000000
H29     2.6277000000000  -3.9768000000000   2.1665000000000
H30     2.6316000000000  -3.9868000000000  -2.1458000000000
H31     2.0392000000000  -1.5769000000000  -2.1539000000000
&
