MAEFILE: SM05_micro006.mae
&gen
&
entry_name: SM05_micro006
&zmat
C1     -0.0027000000000   2.8176000000000  -1.3476000000000
C2      1.0318000000000   3.9470000000000  -1.4853000000000
C3      0.7385000000000   5.0836000000000  -0.4947000000000
C4      0.6473000000000   4.5311000000000   0.9358000000000
C5     -0.3754000000000   3.3853000000000   1.0197000000000
N6     -0.0444000000000   2.3155000000000   0.0470000000000
C7     -0.8567000000000   1.0508000000000   0.2143000000000
C8     -2.2589000000000   1.1083000000000   0.0703000000000
C9     -3.0191000000000  -0.0639000000000   0.2273000000000
C10    -2.3752000000000  -1.2787000000000   0.5255000000000
C11    -0.9737000000000  -1.3234000000000   0.6628000000000
C12    -0.1827000000000  -0.1622000000000   0.5036000000000
N13     1.1540000000000  -0.2299000000000   0.6361000000000
C14     1.9354000000000  -0.4397000000000  -0.4540000000000
O15     1.5828000000000  -0.5715000000000  -1.6273000000000
C16     3.3792000000000  -0.4429000000000  -0.1337000000000
C17     4.0547000000000  -0.5388000000000   1.0601000000000
C18     5.4449000000000  -0.5075000000000   0.7573000000000
C19     5.5010000000000  -0.4058000000000  -0.6000000000000
O20     4.2703000000000  -0.3695000000000  -1.1684000000000
Cl21    6.9488000000000  -0.3331000000000  -1.5218000000000
H22     0.9139000000000   2.0738000000000   0.2560000000000
H23    -0.9913000000000   3.1726000000000  -1.6419000000000
H24     0.2547000000000   1.9979000000000  -2.0196000000000
H25     1.0325000000000   4.3305000000000  -2.5059000000000
H26     2.0313000000000   3.5498000000000  -1.3025000000000
H27    -0.2003000000000   5.5708000000000  -0.7613000000000
H28     1.5152000000000   5.8465000000000  -0.5556000000000
H29     0.3727000000000   5.3283000000000   1.6272000000000
H30     1.6269000000000   4.1699000000000   1.2521000000000
H31    -1.3792000000000   3.7660000000000   0.8259000000000
H32    -0.3816000000000   2.9675000000000   2.0273000000000
H33    -2.7528000000000   2.0407000000000  -0.1594000000000
H34    -4.0932000000000  -0.0324000000000   0.1202000000000
H35    -2.9564000000000  -2.1806000000000   0.6482000000000
H36    -0.5010000000000  -2.2685000000000   0.8897000000000
H37     3.6020000000000  -0.6213000000000   2.0373000000000
H38     6.2827000000000  -0.5571000000000   1.4368000000000
&
