MAEFILE: SM05_micro008.mae
&gen
&
entry_name: SM05_micro008
&zmat
C1     -0.5005000000000   2.7493000000000  -1.3558000000000
C2      0.7374000000000   3.5662000000000  -1.7634000000000
C3      1.2809000000000   4.3737000000000  -0.5724000000000
C4      1.5427000000000   3.4488000000000   0.6284000000000
C5      0.2867000000000   2.6339000000000   0.9805000000000
N6     -0.1990000000000   1.9153000000000  -0.1949000000000
C7     -1.0550000000000   0.8293000000000   0.0811000000000
C8     -2.4458000000000   0.9470000000000  -0.1568000000000
C9     -3.3161000000000  -0.1240000000000   0.1089000000000
C10    -2.8042000000000  -1.3273000000000   0.6183000000000
C11    -1.4246000000000  -1.4549000000000   0.8572000000000
C12    -0.5271000000000  -0.3952000000000   0.5917000000000
N13     0.7838000000000  -0.5887000000000   0.8325000000000
C14     1.6264000000000  -0.8544000000000  -0.1959000000000
O15     1.3411000000000  -0.9657000000000  -1.3879000000000
C16     3.0380000000000  -0.9939000000000   0.2258000000000
C17     4.1610000000000  -1.2389000000000  -0.5253000000000
C18     5.2654000000000  -1.2708000000000   0.3718000000000
C19     4.7217000000000  -1.0416000000000   1.5997000000000
O20     3.3777000000000  -0.8698000000000   1.5473000000000
Cl21    5.6076000000000  -0.9712000000000   3.0695000000000
H22     0.3740000000000  -0.6956000000000  -1.5153000000000
H23    -1.3221000000000   3.4248000000000  -1.1137000000000
H24    -0.8258000000000   2.1264000000000  -2.1898000000000
H25     0.4894000000000   4.2341000000000  -2.5887000000000
H26     1.5127000000000   2.8926000000000  -2.1308000000000
H27     0.5593000000000   5.1418000000000  -0.2916000000000
H28     2.1969000000000   4.8929000000000  -0.8553000000000
H29     1.8624000000000   4.0340000000000   1.4909000000000
H30     2.3623000000000   2.7678000000000   0.3941000000000
H31    -0.5015000000000   3.2980000000000   1.3369000000000
H32     0.5087000000000   1.9460000000000   1.7966000000000
H33    -2.8661000000000   1.8660000000000  -0.5369000000000
H34    -4.3753000000000  -0.0198000000000  -0.0739000000000
H35    -3.4684000000000  -2.1527000000000   0.8277000000000
H36    -1.0508000000000  -2.3900000000000   1.2498000000000
H37     4.1858000000000  -1.3778000000000  -1.5961000000000
H38     6.3090000000000  -1.4374000000000   0.1486000000000
&
