MAEFILE: SM07_micro015.mae
&gen
molchg=2
&
entry_name: SM07_micro015
&zmat
C1     -0.7203000000000   2.1280000000000  -1.2202000000000
C2     -1.0721000000000   3.4919000000000  -1.2196000000000
C3     -1.2485000000000   4.1736000000000   0.0000000000000
C4     -1.0721000000000   3.4918000000000   1.2196000000000
C5     -0.7203000000000   2.1280000000000   1.2202000000000
C6     -0.5436000000000   1.4415000000000   0.0000000000000
C7     -0.1586000000000  -0.0238000000000   0.0001000000000
N8      1.3126000000000  -0.1675000000000   0.0001000000000
C9      1.8947000000000  -1.5699000000000   0.0000000000000
N10     1.0179000000000  -2.6065000000000   0.0000000000000
C11     1.4931000000000  -3.8601000000000   0.0000000000000
N12     2.8019000000000  -4.1427000000000   0.0000000000000
C13     3.7146000000000  -3.1467000000000   0.0000000000000
C14     3.2902000000000  -1.7931000000000   0.0000000000000
C15     5.0975000000000  -3.4228000000000   0.0000000000000
C16     6.0424000000000  -2.3787000000000   0.0000000000000
C17     5.6113000000000  -1.0392000000000   0.0000000000000
C18     4.2355000000000  -0.7428000000000   0.0000000000000
H19     1.6476000000000   0.3325000000000  -0.8114000000000
H20     1.6476000000000   0.3324000000000   0.8113000000000
H21     0.0127000000000  -2.4319000000000   0.0000000000000
H22    -0.5879000000000   1.6127000000000  -2.1604000000000
H23    -1.2077000000000   4.0157000000000  -2.1546000000000
H24    -1.5201000000000   5.2191000000000   0.0000000000000
H25    -1.2077000000000   4.0158000000000   2.1546000000000
H26    -0.5879000000000   1.6127000000000   2.1604000000000
H27    -0.5813000000000  -0.5110000000000  -0.8801000000000
H28    -0.5812000000000  -0.5109000000000   0.8800000000000
H29     0.7641000000000  -4.6573000000000   0.0000000000000
H30     5.4412000000000  -4.4475000000000   0.0000000000000
H31     7.0987000000000  -2.6059000000000   0.0000000000000
H32     6.3377000000000  -0.2392000000000   0.0000000000000
H33     3.9251000000000   0.2916000000000   0.0000000000000
&
