MAEFILE: SM08_micro009.mae
&gen
molchg=-1
&
entry_name: SM08_micro009
&zmat
C1     -4.1780000000000  -0.1960000000000  -0.0155000000000
C2     -4.9559000000000   0.9753000000000  -0.0030000000000
C3     -4.3295000000000   2.2339000000000   0.0049000000000
C4     -5.1689000000000   3.4948000000000   0.0181000000000
C5     -2.9233000000000   2.3106000000000   0.0010000000000
C6     -2.1337000000000   1.1348000000000  -0.0101000000000
C7     -2.7679000000000  -0.1383000000000  -0.0198000000000
C8     -0.7142000000000   1.1999000000000  -0.0115000000000
C9      0.0098000000000  -0.0222000000000  -0.0215000000000
C10    -0.7155000000000  -1.2376000000000  -0.0331000000000
N11    -2.0608000000000  -1.2861000000000  -0.0338000000000
O12    -0.0573000000000  -2.4335000000000  -0.0455000000000
C13     1.5423000000000  -0.0362000000000  -0.0131000000000
C14     2.0525000000000   0.0526000000000   1.4313000000000
O15     2.9979000000000   0.8424000000000   1.6455000000000
O16     1.5051000000000  -0.6683000000000   2.2952000000000
C17    -0.0110000000000   2.4969000000000  -0.0016000000000
C18     0.3133000000000   3.1294000000000   1.2181000000000
C19     0.9829000000000   4.3682000000000   1.2285000000000
C20     1.3320000000000   4.9894000000000   0.0148000000000
C21     1.0111000000000   4.3691000000000  -1.2071000000000
C22     0.3429000000000   3.1294000000000  -1.2131000000000
H23    -4.6728000000000  -1.1563000000000  -0.0207000000000
H24    -6.0337000000000   0.9045000000000   0.0005000000000
H25    -4.5454000000000   4.3894000000000   0.0174000000000
H26    -5.8136000000000   3.5286000000000  -0.8605000000000
H27    -5.7986000000000   3.5199000000000   0.9077000000000
H28    -2.4599000000000   3.2860000000000   0.0078000000000
H29    -0.6441000000000  -3.1717000000000   0.0052000000000
H30     1.9396000000000   0.7884000000000  -0.6051000000000
H31     1.9327000000000  -0.9438000000000  -0.4728000000000
H32     0.0522000000000   2.6563000000000   2.1535000000000
H33     1.2296000000000   4.8398000000000   2.1682000000000
H34     1.8463000000000   5.9389000000000   0.0214000000000
H35     1.2785000000000   4.8426000000000  -2.1402000000000
H36     0.1011000000000   2.6581000000000  -2.1545000000000
&
