MAEFILE: SM09_micro006.mae
&gen
molchg=1
&
entry_name: SM09_micro006
&zmat
C1     -0.5533000000000   1.9810000000000   0.0000000000000
O2     -0.0821000000000   0.6410000000000   0.0000000000000
C3      1.2802000000000   0.4297000000000   0.0000000000000
C4      2.2430000000000   1.4692000000000   0.0000000000000
C5      3.6160000000000   1.1645000000000   0.0000000000000
C6      4.0412000000000  -0.1757000000000   0.0000000000000
C7      3.0990000000000  -1.2235000000000   0.0000000000000
C8      1.7157000000000  -0.9126000000000   0.0000000000000
N9      3.7286000000000  -2.6203000000000   0.0000000000000
C10     2.9534000000000  -3.9386000000000   0.0000000000000
N11     1.6072000000000  -3.9013000000000   0.0000000000000
C12     0.9740000000000  -5.0759000000000   0.0000000000000
N13     1.5380000000000  -6.2854000000000   0.0000000000000
C14     2.8890000000000  -6.3526000000000   0.0000000000000
C15     3.6693000000000  -5.1616000000000   0.0000000000000
C16     3.5542000000000  -7.5962000000000   0.0000000000000
C17     4.9606000000000  -7.6637000000000   0.0000000000000
C18     5.7233000000000  -6.4815000000000   0.0000000000000
C19     5.0811000000000  -5.2295000000000   0.0000000000000
H20     4.3472000000000  -2.6547000000000  -0.7973000000000
H21     4.3472000000000  -2.6547000000000   0.7973000000000
H22    -1.6432000000000   1.9783000000000   0.0000000000000
H23    -0.2253000000000   2.5197000000000   0.8900000000000
H24    -0.2253000000000   2.5197000000000  -0.8900000000000
H25     1.9536000000000   2.5094000000000   0.0000000000000
H26     4.3444000000000   1.9621000000000   0.0000000000000
H27     5.0991000000000  -0.3949000000000   0.0000000000000
H28     0.9380000000000  -1.6530000000000   0.0000000000000
H29    -0.1055000000000  -5.0439000000000   0.0000000000000
H30     2.9798000000000  -8.5115000000000   0.0000000000000
H31     5.4545000000000  -8.6242000000000   0.0000000000000
H32     6.8023000000000  -6.5362000000000   0.0000000000000
H33     5.6858000000000  -4.3350000000000   0.0000000000000
&
