MAEFILE: SM09_micro005.mae
&gen
molchg=1
&
entry_name: SM09_micro005
&zmat
C1     -0.7959000000000   0.2735000000000   0.9113000000000
O2      0.1367000000000  -0.7113000000000   0.4895000000000
C3      1.4117000000000  -0.3029000000000   0.1610000000000
C4      2.3193000000000  -1.3043000000000  -0.2380000000000
C5      3.6376000000000  -0.9748000000000  -0.6019000000000
C6      4.0646000000000   0.3646000000000  -0.5618000000000
C7      3.1821000000000   1.3823000000000  -0.1471000000000
C8      1.8514000000000   1.0449000000000   0.1968000000000
N9      3.6561000000000   2.7040000000000  -0.1405000000000
C10     3.2984000000000   3.7781000000000   0.6946000000000
N11     2.5675000000000   3.5324000000000   1.8132000000000
C12     2.2295000000000   4.5353000000000   2.6338000000000
N13     2.5863000000000   5.8037000000000   2.4140000000000
C14     3.3207000000000   6.1178000000000   1.3275000000000
C15     3.7130000000000   5.1052000000000   0.4139000000000
C16     3.7114000000000   7.4505000000000   1.0790000000000
C17     4.4782000000000   7.7793000000000  -0.0544000000000
C18     4.8647000000000   6.7723000000000  -0.9566000000000
C19     4.4840000000000   5.4375000000000  -0.7253000000000
H20     2.2794000000000   2.5764000000000   2.0233000000000
H21    -1.7408000000000  -0.2090000000000   1.1609000000000
H22    -0.4486000000000   0.7970000000000   1.8030000000000
H23    -0.9939000000000   0.9978000000000   0.1203000000000
H24     1.9994000000000  -2.3354000000000  -0.2717000000000
H25     4.3212000000000  -1.7509000000000  -0.9131000000000
H26     5.0791000000000   0.6060000000000  -0.8449000000000
H27     1.1671000000000   1.8322000000000   0.4707000000000
H28     4.4125000000000   2.8930000000000  -0.7820000000000
H29     1.6459000000000   4.2764000000000   3.5052000000000
H30     3.4202000000000   8.2320000000000   1.7659000000000
H31     4.7694000000000   8.8045000000000  -0.2314000000000
H32     5.4535000000000   7.0245000000000  -1.8267000000000
H33     4.7897000000000   4.6817000000000  -1.4333000000000
&
