MAEFILE: SM10_micro013.mae
&gen
molchg=-1
&
entry_name: SM10_micro013
&zmat
C1     -2.7156000000000   0.6825000000000  -0.6114000000000
C2     -4.0148000000000   0.1384000000000  -0.5966000000000
C3     -4.2058000000000  -1.2232000000000  -0.2947000000000
C4     -3.0961000000000  -2.0415000000000  -0.0118000000000
C5     -1.7966000000000  -1.4988000000000  -0.0259000000000
C6     -1.5959000000000  -0.1278000000000  -0.3161000000000
C7     -0.2129000000000   0.4596000000000  -0.3552000000000
O8      0.0507000000000   1.4010000000000  -1.1057000000000
N9      0.6603000000000  -0.0875000000000   0.5061000000000
C10     2.0042000000000   0.2687000000000   0.6263000000000
C11     2.9154000000000  -0.4198000000000   1.4121000000000
O12     4.1306000000000  -0.1827000000000   1.5954000000000
N13     2.4452000000000  -1.5269000000000   2.1217000000000
C14     2.3624000000000  -2.6995000000000   1.5805000000000
N15     2.6989000000000  -3.0346000000000   0.2706000000000
S16     1.7712000000000  -4.2469000000000   2.3396000000000
C17     2.0178000000000  -5.1569000000000   0.8721000000000
C18     2.5215000000000  -4.3532000000000  -0.1471000000000
C19     1.7577000000000  -6.5241000000000   0.6819000000000
C20     2.0236000000000  -7.0730000000000  -0.5924000000000
C21     2.5356000000000  -6.2611000000000  -1.6341000000000
C22     2.7901000000000  -4.8873000000000  -1.4193000000000
H23     3.0512000000000  -2.3656000000000  -0.3988000000000
H24    -2.5858000000000   1.7293000000000  -0.8464000000000
H25    -4.8650000000000   0.7664000000000  -0.8184000000000
H26    -5.2020000000000  -1.6401000000000  -0.2839000000000
H27    -3.2404000000000  -3.0878000000000   0.2140000000000
H28    -0.9584000000000  -2.1479000000000   0.1853000000000
H29     0.3468000000000  -0.8447000000000   1.0966000000000
H30     2.2896000000000   1.1410000000000   0.0550000000000
H31     1.3672000000000  -7.1348000000000   1.4825000000000
H32     1.8351000000000  -8.1210000000000  -0.7735000000000
H33     2.7337000000000  -6.6957000000000  -2.6027000000000
H34     3.1803000000000  -4.2657000000000  -2.2117000000000
&
