MAEFILE: SM10_micro020.mae
&gen
molchg=-1
&
entry_name: SM10_micro020
&zmat
C1     -2.7443000000000  -0.2858000000000  -0.2354000000000
C2     -4.1374000000000  -0.4451000000000  -0.1005000000000
C3     -4.9566000000000   0.6758000000000   0.1301000000000
C4     -4.3818000000000   1.9573000000000   0.2213000000000
C5     -2.9888000000000   2.1170000000000   0.0869000000000
C6     -2.1533000000000   0.9974000000000  -0.1305000000000
C7     -0.6687000000000   1.1951000000000  -0.2959000000000
O8     -0.2825000000000   2.2165000000000  -0.8754000000000
N9      0.0583000000000   0.1979000000000   0.2836000000000
C10     1.5191000000000   0.1340000000000   0.2842000000000
C11     2.0503000000000  -1.2753000000000  -0.0009000000000
O12     2.2176000000000  -1.6116000000000  -1.1770000000000
N13     2.2752000000000  -2.0092000000000   1.1618000000000
C14     2.6838000000000  -3.2419000000000   1.1104000000000
N15     2.9539000000000  -4.0408000000000  -0.0044000000000
S16     3.0299000000000  -4.3168000000000   2.5441000000000
C17     3.4820000000000  -5.6691000000000   1.5411000000000
C18     3.3842000000000  -5.3527000000000   0.1901000000000
C19     3.8985000000000  -6.9364000000000   1.9808000000000
C20     4.2197000000000  -7.9000000000000   0.9987000000000
C21     4.1211000000000  -7.5853000000000  -0.3790000000000
C22     3.7004000000000  -6.3022000000000  -0.7973000000000
H23     2.8494000000000  -3.7154000000000  -0.9550000000000
H24    -2.1351000000000  -1.1584000000000  -0.4225000000000
H25    -4.5770000000000  -1.4285000000000  -0.1773000000000
H26    -6.0246000000000   0.5531000000000   0.2330000000000
H27    -5.0093000000000   2.8192000000000   0.3934000000000
H28    -2.5639000000000   3.1080000000000   0.1573000000000
H29     1.9243000000000   0.4766000000000   1.2377000000000
H30     1.9653000000000   0.7984000000000  -0.4580000000000
H31     3.9704000000000  -7.1667000000000   3.0335000000000
H32     4.5431000000000  -8.8851000000000   1.3010000000000
H33     4.3702000000000  -8.3330000000000  -1.1177000000000
H34     3.6243000000000  -6.0593000000000  -1.8469000000000
&
