MAEFILE: SM12_micro012.mae
&gen
&
entry_name: SM12_micro012
&zmat
C1     -2.8855000000000  -2.4431000000000   0.4049000000000
C2     -2.1816000000000  -3.6250000000000   0.7032000000000
C3     -0.7802000000000  -3.6569000000000   0.5906000000000
C4     -0.0814000000000  -2.5071000000000   0.1793000000000
C5     -0.7858000000000  -1.3175000000000  -0.1211000000000
C6     -2.2050000000000  -1.2787000000000  -0.0087000000000
C7     -0.1390000000000  -0.1253000000000  -0.5433000000000
N8     -0.8565000000000   0.9908000000000  -0.8088000000000
C9     -2.1805000000000   0.9192000000000  -0.6731000000000
N10    -2.8856000000000  -0.1460000000000  -0.2921000000000
N11     1.2626000000000  -0.0742000000000  -0.6559000000000
C12     2.0826000000000   0.9179000000000  -1.2176000000000
C13     3.3834000000000   1.0761000000000  -0.6946000000000
C14     4.2580000000000   2.0423000000000  -1.2282000000000
C15     3.8425000000000   2.8528000000000  -2.3010000000000
C16     2.5540000000000   2.6900000000000  -2.8440000000000
Cl17    2.0480000000000   3.6693000000000  -4.1714000000000
C18     1.6794000000000   1.7237000000000  -2.3089000000000
H19    -3.9620000000000  -2.4311000000000   0.4954000000000
H20    -2.7182000000000  -4.5078000000000   1.0184000000000
H21    -0.2406000000000  -4.5644000000000   0.8191000000000
H22     0.9943000000000  -2.5540000000000   0.0975000000000
H23    -2.7385000000000   1.8175000000000  -0.8917000000000
H24     1.7527000000000  -0.8319000000000  -0.2034000000000
H25     3.7155000000000   0.4589000000000   0.1278000000000
H26     5.2488000000000   2.1604000000000  -0.8150000000000
H27     4.5146000000000   3.5927000000000  -2.7104000000000
H28     0.7056000000000   1.6014000000000  -2.7584000000000
&
