MAEFILE: SM13_micro007.mae
&gen
&
entry_name: SM13_micro007
&zmat
C1     -2.8951000000000  -2.1524000000000   0.9736000000000
C2     -2.0775000000000  -1.3127000000000   0.0144000000000
C3     -2.6675000000000  -0.8132000000000  -1.1643000000000
C4     -1.9065000000000  -0.0403000000000  -2.0616000000000
C5     -0.5569000000000   0.2435000000000  -1.7782000000000
C6      0.0371000000000  -0.2335000000000  -0.5863000000000
C7     -0.7245000000000  -1.0307000000000   0.2946000000000
N8      1.3752000000000   0.0288000000000  -0.2872000000000
C9      1.8372000000000   1.2291000000000  -0.0981000000000
N10     3.2003000000000   1.4619000000000  -0.0369000000000
C11     3.8154000000000   2.6886000000000  -0.2299000000000
N12     3.1601000000000   3.8025000000000  -0.3217000000000
C13     1.7624000000000   3.7482000000000  -0.1202000000000
C14     1.0481000000000   2.5236000000000   0.0586000000000
C15     1.0763000000000   4.9751000000000  -0.0303000000000
C16    -0.3037000000000   5.0252000000000   0.2805000000000
O17    -1.0243000000000   6.1982000000000   0.3752000000000
C18    -0.3596000000000   7.4226000000000   0.0990000000000
C19    -0.9974000000000   3.8242000000000   0.5382000000000
C20    -0.3109000000000   2.5891000000000   0.4480000000000
O21    -2.3321000000000   3.9323000000000   0.8739000000000
C22    -3.0791000000000   2.7408000000000   1.0779000000000
H23     3.7985000000000   0.6493000000000  -0.0076000000000
H24    -3.9245000000000  -1.7954000000000   1.0171000000000
H25    -2.9051000000000  -3.1927000000000   0.6481000000000
H26    -2.4810000000000  -2.1108000000000   1.9815000000000
H27    -3.7032000000000  -1.0262000000000  -1.3856000000000
H28    -2.3578000000000   0.3354000000000  -2.9679000000000
H29     0.0184000000000   0.8379000000000  -2.4731000000000
H30    -0.2713000000000  -1.4153000000000   1.1970000000000
H31     4.9016000000000   2.6466000000000  -0.3220000000000
H32     1.6425000000000   5.8811000000000  -0.1852000000000
H33    -1.0705000000000   8.2441000000000   0.1860000000000
H34     0.4461000000000   7.6083000000000   0.8105000000000
H35     0.0412000000000   7.4404000000000  -0.9154000000000
H36    -0.8375000000000   1.6836000000000   0.6878000000000
H37    -4.1143000000000   2.9995000000000   1.2995000000000
H38    -3.0804000000000   2.1121000000000   0.1862000000000
H39    -2.6962000000000   2.1683000000000   1.9238000000000
&
