MAEFILE: SM17_micro010.mae
&gen
&
entry_name: SM17_micro010
&zmat
C1     -0.3245000000000   2.2330000000000   1.2112000000000
C2     -0.5945000000000   3.6098000000000   1.3365000000000
C3     -1.2686000000000   4.2924000000000   0.3055000000000
C4     -1.6715000000000   3.5983000000000  -0.8519000000000
C5     -1.4019000000000   2.2216000000000  -0.9779000000000
C6     -0.7290000000000   1.5341000000000   0.0541000000000
C7     -0.4324000000000   0.0543000000000  -0.0842000000000
S8      1.1880000000000  -0.1705000000000  -0.8722000000000
C9      1.2429000000000  -1.9306000000000  -0.9133000000000
N10     0.3453000000000  -2.8149000000000  -0.4735000000000
N11     0.8775000000000  -4.0536000000000  -0.7504000000000
C12     2.0585000000000  -3.8294000000000  -1.3376000000000
O13     2.3412000000000  -2.5045000000000  -1.4657000000000
C14     3.0263000000000  -4.8067000000000  -1.8310000000000
C15     4.2483000000000  -4.4018000000000  -2.4138000000000
C16     5.1399000000000  -5.3924000000000  -2.8713000000000
N17     4.8884000000000  -6.7156000000000  -2.7831000000000
C18     3.7201000000000  -7.0988000000000  -2.2264000000000
C19     2.7604000000000  -6.1905000000000  -1.7374000000000
H20     0.1954000000000   1.7155000000000   2.0041000000000
H21    -0.2830000000000   4.1424000000000   2.2229000000000
H22    -1.4749000000000   5.3482000000000   0.4017000000000
H23    -2.1861000000000   4.1222000000000  -1.6439000000000
H24    -1.7109000000000   1.6953000000000  -1.8692000000000
H25    -1.2063000000000  -0.4252000000000  -0.6847000000000
H26    -0.4361000000000  -0.4200000000000   0.8980000000000
H27     4.5078000000000  -3.3580000000000  -2.5129000000000
H28     6.0813000000000  -5.1133000000000  -3.3208000000000
H29     3.5438000000000  -8.1627000000000  -2.1686000000000
H30     1.8422000000000  -6.5562000000000  -1.3016000000000
&
