MAEFILE: SM18_micro061.mae
&gen
&
entry_name: SM18_micro061
&zmat
C1     -5.0661000000000   1.1554000000000  -2.0654000000000
C2     -6.4640000000000   1.2640000000000  -1.9351000000000
C3     -7.0346000000000   1.5653000000000  -0.6836000000000
C4     -6.2094000000000   1.7571000000000   0.4414000000000
C5     -4.8063000000000   1.6483000000000   0.3166000000000
C6     -4.2321000000000   1.3462000000000  -0.9449000000000
C7     -3.8883000000000   1.8475000000000   1.5000000000000
O8     -4.3716000000000   2.1093000000000   2.6010000000000
N9     -2.5603000000000   1.7109000000000   1.2140000000000
C10    -2.1032000000000   1.4156000000000  -0.0560000000000
N11    -2.8405000000000   1.2364000000000  -1.0873000000000
C12    -0.5988000000000   1.2933000000000  -0.2186000000000
C13    -0.0942000000000  -0.1265000000000   0.0999000000000
C14     1.4176000000000  -0.2479000000000  -0.0990000000000
O15     1.8371000000000  -0.7960000000000  -1.1218000000000
N16     2.1325000000000   0.3101000000000   0.9559000000000
C17     3.4305000000000   0.3615000000000   0.9417000000000
N18     4.3074000000000  -0.0883000000000  -0.0445000000000
C19     5.6644000000000   0.0791000000000   0.1556000000000
C20     6.0017000000000   0.7608000000000   1.4334000000000
S21     4.4414000000000   1.0742000000000   2.2703000000000
C22     6.7584000000000   2.0776000000000   1.1622000000000
C23     8.2056000000000   1.8658000000000   0.7493000000000
C24     8.5953000000000   2.0394000000000  -0.5959000000000
C25     9.9373000000000   1.8404000000000  -0.9750000000000
C26    10.8950000000000   1.4689000000000  -0.0114000000000
F27    12.1844000000000   1.2770000000000  -0.3783000000000
C28    10.5101000000000   1.2970000000000   1.3329000000000
F29    11.4283000000000   0.9395000000000   2.2617000000000
C30     9.1683000000000   1.4961000000000   1.7124000000000
H31     3.9945000000000  -0.5373000000000  -0.8940000000000
H32    -4.6343000000000   0.9255000000000  -3.0286000000000
H33    -7.0985000000000   1.1163000000000  -2.7962000000000
H34    -8.1067000000000   1.6494000000000  -0.5857000000000
H35    -6.6619000000000   1.9874000000000   1.3951000000000
H36    -0.1105000000000   2.0228000000000   0.4300000000000
H37    -0.3251000000000   1.5673000000000  -1.2391000000000
H38    -0.5945000000000  -0.8539000000000  -0.5417000000000
H39    -0.3453000000000  -0.3991000000000   1.1264000000000
H40     6.3308000000000  -0.2935000000000  -0.6127000000000
H41     6.5937000000000   0.0922000000000   2.0592000000000
H42     6.7710000000000   2.6777000000000   2.0732000000000
H43     6.2389000000000   2.6843000000000   0.4182000000000
H44     7.8674000000000   2.3239000000000  -1.3418000000000
H45    10.2328000000000   1.9731000000000  -2.0056000000000
H46     8.8798000000000   1.3626000000000   2.7450000000000
&
