MAEFILE: SM18_micro059.mae
&gen
molchg=1
&
entry_name: SM18_micro059
&zmat
C1     -4.0534000000000   0.1568000000000  -2.7750000000000
C2     -5.4019000000000   0.1166000000000  -3.1798000000000
C3     -6.3733000000000   0.8591000000000  -2.4783000000000
C4     -6.0033000000000   1.6459000000000  -1.3685000000000
C5     -4.6532000000000   1.6919000000000  -0.9552000000000
C6     -3.6875000000000   0.9436000000000  -1.6661000000000
C7     -4.2022000000000   2.5223000000000   0.2346000000000
O8     -5.0426000000000   3.1792000000000   0.8478000000000
N9     -2.8462000000000   2.5086000000000   0.5958000000000
C10    -2.0239000000000   1.7913000000000  -0.1130000000000
N11    -2.3722000000000   1.0224000000000  -1.2150000000000
C12    -0.5487000000000   1.7309000000000   0.2465000000000
C13    -0.0907000000000   0.3189000000000   0.6673000000000
C14     1.4046000000000   0.2585000000000   1.0471000000000
O15     1.9126000000000   1.2080000000000   1.6428000000000
H16     2.1446000000000   1.9368000000000   0.9801000000000
N17     2.1336000000000  -0.8205000000000   0.5644000000000
C18     1.7308000000000  -2.0372000000000   0.7800000000000
N19     0.6490000000000  -2.4651000000000   1.5487000000000
C20     0.4645000000000  -3.8257000000000   1.5962000000000
C21     1.3470000000000  -4.5558000000000   0.9151000000000
S22     2.5444000000000  -3.5365000000000   0.1212000000000
C23     1.3600000000000  -6.0719000000000   0.8058000000000
C24     2.4722000000000  -6.6550000000000  -0.0483000000000
C25     3.7031000000000  -7.0152000000000   0.5400000000000
C26     4.7354000000000  -7.5528000000000  -0.2530000000000
C27     4.5412000000000  -7.7334000000000  -1.6363000000000
F28     5.5354000000000  -8.2507000000000  -2.3966000000000
C29     3.3130000000000  -7.3760000000000  -2.2271000000000
F30     3.1239000000000  -7.5485000000000  -3.5571000000000
C31     2.2801000000000  -6.8386000000000  -1.4343000000000
H32    -1.6937000000000   0.4827000000000  -1.7329000000000
H33     0.0125000000000  -1.8588000000000   2.0458000000000
H34    -3.3098000000000  -0.4127000000000  -3.3131000000000
H35    -5.6924000000000  -0.4841000000000  -4.0291000000000
H36    -7.4062000000000   0.8252000000000  -2.7921000000000
H37    -6.7620000000000   2.2078000000000  -0.8432000000000
H38    -0.3534000000000   2.4447000000000   1.0486000000000
H39     0.0317000000000   2.0711000000000  -0.6126000000000
H40    -0.2955000000000  -0.3809000000000  -0.1447000000000
H41    -0.6760000000000  -0.0120000000000   1.5263000000000
H42    -0.3728000000000  -4.1905000000000   2.1730000000000
H43     0.3988000000000  -6.3974000000000   0.4060000000000
H44     1.4276000000000  -6.4893000000000   1.8112000000000
H45     3.8598000000000  -6.8772000000000   1.5999000000000
H46     5.6768000000000  -7.8264000000000   0.2002000000000
H47     1.3414000000000  -6.5641000000000  -1.8931000000000
&
