MAEFILE: SM18_micro037.mae
&gen
molchg=1
&
entry_name: SM18_micro037
&zmat
C1     -4.5036000000000   2.7154000000000   1.7458000000000
C2     -5.8094000000000   3.2020000000000   1.5402000000000
C3     -6.2975000000000   3.3862000000000   0.2307000000000
C4     -5.4839000000000   3.0859000000000  -0.8808000000000
C5     -4.1729000000000   2.5977000000000  -0.6838000000000
C6     -3.6936000000000   2.4167000000000   0.6336000000000
C7     -3.2563000000000   2.2584000000000  -1.8469000000000
O8     -3.6730000000000   2.4212000000000  -2.9930000000000
N9     -1.9693000000000   1.7696000000000  -1.5756000000000
C10    -1.6078000000000   1.6342000000000  -0.3328000000000
N11    -2.3951000000000   1.9317000000000   0.7709000000000
C12    -0.2285000000000   1.1004000000000   0.0116000000000
C13    -0.2710000000000  -0.2380000000000   0.7730000000000
C14     1.1327000000000  -0.7781000000000   1.0299000000000
O15     1.7175000000000  -0.7957000000000   2.1128000000000
N16     1.8308000000000  -1.4226000000000  -0.2052000000000
C17     3.0432000000000  -1.1343000000000  -0.5608000000000
N18     3.8421000000000  -0.2616000000000   0.0882000000000
C19     4.9822000000000  -0.1470000000000  -0.4607000000000
C20     5.2910000000000  -0.9585000000000  -1.7057000000000
S21     3.7807000000000  -1.8811000000000  -1.9998000000000
C22     6.4936000000000  -1.9044000000000  -1.5226000000000
C23     7.8288000000000  -1.1815000000000  -1.5608000000000
C24     8.5224000000000  -0.9070000000000  -0.3631000000000
C25     9.7579000000000  -0.2317000000000  -0.4000000000000
C26    10.3056000000000   0.1703000000000  -1.6338000000000
F27    11.4931000000000   0.8205000000000  -1.6667000000000
C28     9.6171000000000  -0.1041000000000  -2.8318000000000
F29    10.1410000000000   0.2820000000000  -4.0195000000000
C30     8.3813000000000  -0.7791000000000  -2.7953000000000
H31    -2.0645000000000   1.8108000000000   1.7175000000000
H32     1.2756000000000  -2.0235000000000  -0.8053000000000
H33    -4.1308000000000   2.5748000000000   2.7498000000000
H34    -6.4379000000000   3.4341000000000   2.3872000000000
H35    -7.2994000000000   3.7598000000000   0.0778000000000
H36    -5.8752000000000   3.2340000000000  -1.8769000000000
H37     0.2954000000000   1.8501000000000   0.6069000000000
H38     0.3490000000000   0.9889000000000  -0.9080000000000
H39    -0.8319000000000  -0.9818000000000   0.2054000000000
H40    -0.7794000000000  -0.1227000000000   1.7313000000000
H41     5.7695000000000   0.5128000000000  -0.0864000000000
H42     5.4478000000000  -0.2874000000000  -2.5508000000000
H43     6.5000000000000  -2.6415000000000  -2.3268000000000
H44     6.4024000000000  -2.4749000000000  -0.5966000000000
H45     8.1088000000000  -1.2106000000000   0.5876000000000
H46    10.2853000000000  -0.0216000000000   0.5188000000000
H47     7.8578000000000  -0.9857000000000  -3.7175000000000
&
