MAEFILE: SM18_micro030.mae
&gen
&
entry_name: SM18_micro030
&zmat
C1     -3.4650000000000  -4.3916000000000  -3.9689000000000
C2     -4.0038000000000  -4.3559000000000  -5.2696000000000
C3     -4.0148000000000  -3.1508000000000  -5.9972000000000
C4     -3.4879000000000  -1.9769000000000  -5.4255000000000
C5     -2.9479000000000  -2.0097000000000  -4.1215000000000
C6     -2.9332000000000  -3.2236000000000  -3.3840000000000
C7     -2.3778000000000  -0.7769000000000  -3.4745000000000
O8     -2.3532000000000   0.3100000000000  -4.0504000000000
N9     -1.9031000000000  -0.9554000000000  -2.2269000000000
C10    -1.9226000000000  -2.1965000000000  -1.5753000000000
N11    -2.4009000000000  -3.2922000000000  -2.0832000000000
C12    -1.3162000000000  -2.1341000000000  -0.1825000000000
C13     0.0403000000000  -1.4503000000000  -0.1743000000000
C14     0.3295000000000  -0.2984000000000   0.5283000000000
O15    -0.3391000000000   0.4340000000000   1.2938000000000
N16     1.6625000000000   0.0844000000000   0.3483000000000
C17     2.1352000000000   1.3429000000000   0.3195000000000
N18     3.4584000000000   1.5494000000000   0.3078000000000
C19     3.8389000000000   2.8833000000000   0.2356000000000
C20     2.7671000000000   3.7367000000000   0.1709000000000
S21     1.2656000000000   2.8526000000000   0.1912000000000
C22     2.7900000000000   5.2277000000000   0.0823000000000
C23     2.3128000000000   5.7300000000000  -1.2679000000000
C24     1.0595000000000   6.3671000000000  -1.3889000000000
C25     0.6187000000000   6.8280000000000  -2.6448000000000
C26     1.4279000000000   6.6532000000000  -3.7842000000000
F27     1.0015000000000   7.0968000000000  -4.9907000000000
C28     2.6793000000000   6.0168000000000  -3.6674000000000
F29     3.4587000000000   5.8454000000000  -4.7615000000000
C30     3.1212000000000   5.5575000000000  -2.4114000000000
H31    -1.5066000000000  -0.1614000000000  -1.7458000000000
H32     4.1274000000000   0.7912000000000   0.3532000000000
H33    -3.4610000000000  -5.3219000000000  -3.4198000000000
H34    -4.4092000000000  -5.2549000000000  -5.7095000000000
H35    -4.4280000000000  -3.1269000000000  -6.9947000000000
H36    -3.5023000000000  -1.0577000000000  -5.9929000000000
H37    -1.1897000000000  -3.1446000000000   0.2073000000000
H38    -2.0091000000000  -1.6227000000000   0.4866000000000
H39     0.8002000000000  -1.9306000000000  -0.7758000000000
H40     2.3802000000000  -0.5907000000000   0.1293000000000
H41     4.8940000000000   3.1152000000000   0.2320000000000
H42     3.8015000000000   5.5971000000000   0.2548000000000
H43     2.1727000000000   5.6520000000000   0.8750000000000
H44     0.4312000000000   6.5033000000000  -0.5208000000000
H45    -0.3410000000000   7.3154000000000  -2.7344000000000
H46     4.0812000000000   5.0691000000000  -2.3277000000000
&
