MAEFILE: SM18_micro007.mae
&gen
&
entry_name: SM18_micro007
&zmat
C1     -2.4268000000000  -4.6497000000000  -4.1209000000000
C2     -2.8582000000000  -4.8519000000000  -5.4464000000000
C3     -3.4372000000000  -3.7899000000000  -6.1701000000000
C4     -3.5866000000000  -2.5211000000000  -5.5735000000000
C5     -3.1564000000000  -2.3077000000000  -4.2451000000000
C6     -2.5806000000000  -3.3800000000000  -3.5322000000000
C7     -3.3012000000000  -0.9693000000000  -3.5892000000000
O8     -3.7797000000000   0.0167000000000  -4.1471000000000
N9     -2.8459000000000  -0.8885000000000  -2.2381000000000
C10    -2.3165000000000  -1.9590000000000  -1.6020000000000
N11    -2.1459000000000  -3.1688000000000  -2.1808000000000
C12    -1.8438000000000  -1.7738000000000  -0.1982000000000
C13    -0.4196000000000  -1.2617000000000  -0.1944000000000
C14    -0.0399000000000  -0.0175000000000   0.2662000000000
O15    -0.6730000000000   0.9409000000000   0.7649000000000
N16     1.3426000000000   0.1622000000000   0.1486000000000
C17     2.0868000000000   1.3484000000000   0.1753000000000
N18     1.6270000000000   2.6038000000000   0.2190000000000
C19     2.6533000000000   3.5505000000000   0.2195000000000
C20     3.9115000000000   3.0041000000000   0.1658000000000
S21     3.8423000000000   1.2614000000000   0.1205000000000
C22     5.2184000000000   3.7253000000000   0.1442000000000
C23     5.6540000000000   4.1606000000000   1.5304000000000
C24     6.2649000000000   3.2351000000000   2.4028000000000
C25     6.6697000000000   3.6375000000000   3.6905000000000
C26     6.4659000000000   4.9663000000000   4.1104000000000
F27     6.8569000000000   5.3515000000000   5.3484000000000
C28     5.8557000000000   5.8931000000000   3.2422000000000
F29     5.6589000000000   7.1714000000000   3.6438000000000
C30     5.4496000000000   5.4906000000000   1.9549000000000
H31    -2.8865000000000  -0.0375000000000  -1.6954000000000
H32    -1.7169000000000  -3.9081000000000  -1.6424000000000
H33    -1.9831000000000  -5.4637000000000  -3.5662000000000
H34    -2.7455000000000  -5.8217000000000  -5.9085000000000
H35    -3.7670000000000  -3.9485000000000  -7.1864000000000
H36    -4.0315000000000  -1.7176000000000  -6.1428000000000
H37    -1.8867000000000  -2.7206000000000   0.3413000000000
H38    -2.5050000000000  -1.0802000000000   0.3235000000000
H39     0.3150000000000  -1.9475000000000  -0.5928000000000
H40     1.9370000000000  -0.6322000000000  -0.0364000000000
H41     2.3976000000000   4.5991000000000   0.2576000000000
H42     5.1479000000000   4.5970000000000  -0.5075000000000
H43     5.9914000000000   3.0876000000000  -0.2862000000000
H44     6.4212000000000   2.2139000000000   2.0867000000000
H45     7.1362000000000   2.9265000000000   4.3564000000000
H46     4.9801000000000   6.2060000000000   1.2953000000000
&
