MAEFILE: SM19_micro005.mae
&gen
molchg=1
&
entry_name: SM19_micro005
&zmat
C1     -2.3101000000000   1.1298000000000   0.0009000000000
C2     -0.8000000000000   1.3776000000000  -0.0002000000000
O3     -0.1312000000000   0.1239000000000   0.0000000000000
C4      1.2473000000000   0.1204000000000  -0.0009000000000
C5      1.8819000000000  -1.1478000000000   0.0000000000000
C6      3.2897000000000  -1.2688000000000  -0.0006000000000
C7      2.0440000000000   1.2984000000000  -0.0028000000000
C8      3.4407000000000   1.1532000000000  -0.0035000000000
C9      4.0552000000000  -0.0919000000000  -0.0023000000000
S10     4.6188000000000   2.4367000000000  -0.0055000000000
C11     6.0331000000000   1.2814000000000  -0.0043000000000
N12     5.4454000000000   0.0146000000000  -0.0028000000000
N13     7.2825000000000   1.6411000000000  -0.0042000000000
C14     8.3893000000000   0.7894000000000  -0.0025000000000
O15     9.5345000000000   1.2415000000000   0.0028000000000
H16     9.4965000000000   2.2529000000000   0.0015000000000
C17     8.2092000000000  -0.7480000000000  -0.0086000000000
C18     9.5370000000000  -1.4921000000000  -0.0087000000000
C19    10.1547000000000  -1.8433000000000  -1.2274000000000
C20    11.3826000000000  -2.5324000000000  -1.2247000000000
C21    12.0015000000000  -2.8756000000000  -0.0065000000000
Cl22   13.5089000000000  -3.7192000000000  -0.0331000000000
C23    11.3855000000000  -2.5276000000000   1.2158000000000
Cl24   12.1193000000000  -2.9315000000000   2.7266000000000
C25    10.1559000000000  -1.8394000000000   1.2109000000000
H26     5.9711000000000  -0.8473000000000  -0.0015000000000
H27    -2.8591000000000   2.0716000000000   0.0005000000000
H28    -2.6147000000000   0.5647000000000  -0.8802000000000
H29    -2.6137000000000   0.5661000000000   0.8833000000000
H30    -0.5253000000000   1.9554000000000   0.8835000000000
H31    -0.5265000000000   1.9545000000000  -0.8849000000000
H32     1.2764000000000  -2.0425000000000   0.0014000000000
H33     3.7614000000000  -2.2404000000000   0.0003000000000
H34     1.6162000000000   2.2894000000000  -0.0037000000000
H35     7.6507000000000  -1.0547000000000  -0.8940000000000
H36     7.6482000000000  -1.0615000000000   0.8728000000000
H37     9.6899000000000  -1.5855000000000  -2.1680000000000
H38    11.8501000000000  -2.7992000000000  -2.1613000000000
H39     9.6883000000000  -1.5765000000000   2.1487000000000
&
