MAEFILE: SM19_micro012.mae
&gen
molchg=-1
&
entry_name: SM19_micro012
&zmat
C1     -1.9543000000000   0.8417000000000  -0.6061000000000
C2     -0.4684000000000   1.1361000000000  -0.3881000000000
O3      0.1927000000000  -0.0765000000000  -0.0532000000000
C4      1.5501000000000  -0.0346000000000   0.1830000000000
C5      2.1780000000000  -1.2465000000000   0.5347000000000
C6      3.5613000000000  -1.2988000000000   0.7940000000000
C7      2.3395000000000   1.1380000000000   0.0930000000000
C8      3.7215000000000   1.0783000000000   0.3515000000000
C9      4.3641000000000  -0.1393000000000   0.7087000000000
S10     4.9100000000000   2.3740000000000   0.3065000000000
C11     6.1675000000000   1.2067000000000   0.7537000000000
N12     5.7331000000000  -0.0488000000000   0.9388000000000
N13     7.4577000000000   1.5375000000000   0.9181000000000
C14     8.2894000000000   1.5424000000000  -0.1521000000000
O15     8.0308000000000   1.3120000000000  -1.3345000000000
C16     9.7303000000000   1.8824000000000   0.2440000000000
C17    10.4640000000000   0.6385000000000   0.7190000000000
C18    10.5468000000000   0.3464000000000   2.0965000000000
C19    11.2196000000000  -0.8099000000000   2.5353000000000
C20    11.8146000000000  -1.6813000000000   1.6019000000000
Cl21   12.6323000000000  -3.0946000000000   2.1676000000000
C22    11.7360000000000  -1.3917000000000   0.2215000000000
Cl23   12.4541000000000  -2.4417000000000  -0.9481000000000
C24    11.0630000000000  -0.2332000000000  -0.2148000000000
H25    -2.4994000000000   1.7523000000000  -0.8549000000000
H26    -2.0968000000000   0.1335000000000  -1.4227000000000
H27    -2.4057000000000   0.4158000000000   0.2905000000000
H28    -0.3535000000000   1.8646000000000   0.4159000000000
H29    -0.0455000000000   1.5624000000000  -1.2990000000000
H30     1.5908000000000  -2.1501000000000   0.6081000000000
H31     4.0176000000000  -2.2401000000000   1.0618000000000
H32     1.9126000000000   2.0927000000000  -0.1728000000000
H33     9.7479000000000   2.6504000000000   1.0195000000000
H34    10.2519000000000   2.3040000000000  -0.6164000000000
H35    10.0869000000000   1.0052000000000   2.8186000000000
H36    11.2754000000000  -1.0284000000000   3.5915000000000
H37    10.9994000000000  -0.0160000000000  -1.2711000000000
&
