MAEFILE: SM20_micro005.mae
&gen
&
entry_name: SM20_micro005
&zmat
O1     -3.1689000000000   6.7976000000000  -2.7878000000000
C2     -2.9065000000000   5.6772000000000  -2.3557000000000
S3     -3.7012000000000   4.9802000000000  -0.8872000000000
N4     -1.9839000000000   4.7748000000000  -2.9093000000000
C5     -1.9218000000000   3.7003000000000  -2.2439000000000
O6     -1.1315000000000   2.6346000000000  -2.6020000000000
C7     -2.7567000000000   3.5279000000000  -1.0469000000000
C8     -2.8624000000000   2.4995000000000  -0.1748000000000
C9     -2.0765000000000   1.2592000000000  -0.0817000000000
C10    -2.7482000000000   0.0216000000000  -0.0302000000000
C11    -2.0195000000000  -1.1770000000000   0.0773000000000
C12    -0.6142000000000  -1.1433000000000   0.1415000000000
C13     0.0781000000000   0.0837000000000   0.1077000000000
C14    -0.6671000000000   1.2854000000000   0.0062000000000
O15     1.4536000000000   0.0287000000000   0.1768000000000
C16     2.1816000000000   1.2454000000000   0.0741000000000
C17     3.6793000000000   0.9970000000000   0.0822000000000
C18     4.4525000000000   1.4392000000000   1.1775000000000
C19     5.8438000000000   1.2243000000000   1.1999000000000
C20     6.4713000000000   0.5646000000000   0.1264000000000
Cl21    8.1760000000000   0.3000000000000   0.1529000000000
C22     5.7063000000000   0.1221000000000  -0.9696000000000
C23     4.3137000000000   0.3369000000000  -0.9972000000000
Cl24    3.4096000000000  -0.2145000000000  -2.3638000000000
H25    -0.7075000000000   2.8956000000000  -3.4051000000000
H26    -3.5715000000000   2.6244000000000   0.6308000000000
H27    -3.8269000000000  -0.0123000000000  -0.0791000000000
H28    -2.5388000000000  -2.1234000000000   0.1098000000000
H29    -0.0618000000000  -2.0684000000000   0.2191000000000
H30    -0.1756000000000   2.2461000000000  -0.0094000000000
H31     1.9188000000000   1.9026000000000   0.9046000000000
H32     1.9263000000000   1.7674000000000  -0.8497000000000
H33     3.9817000000000   1.9459000000000   2.0071000000000
H34     6.4278000000000   1.5666000000000   2.0416000000000
H35     6.1892000000000  -0.3832000000000  -1.7932000000000
&
