MAEFILE: SM21_micro031.mae
&gen
molchg=2
&
entry_name: SM21_micro031
&zmat
C1      0.0160000000000   2.9523000000000  -0.0000000000000
C2     -0.7018000000000   4.1649000000000  -0.0000000000000
Br3     0.2395000000000   5.8185000000000  -0.0000000000000
C4     -2.1093000000000   4.1595000000000  -0.0000000000000
C5     -2.8057000000000   2.9372000000000   0.0000000000000
C6     -2.0941000000000   1.7225000000000   0.0000000000000
C7     -0.6832000000000   1.7187000000000   0.0000000000000
N8     -0.0626000000000   0.3189000000000   0.0000000000000
C9      1.4357000000000   0.0302000000000  -0.0000000000000
C10     1.8494000000000  -1.3168000000000  -0.0000000000000
F11     0.9609000000000  -2.3385000000000  -0.0000000000000
C12     3.2413000000000  -1.5438000000000  -0.0000000000000
N13     4.1230000000000  -0.5186000000000  -0.0000000000000
C14     3.6143000000000   0.7140000000000  -0.0000000000000
N15     2.3205000000000   1.0487000000000   0.0000000000000
N16     4.5444000000000   1.9390000000000   0.0000000000000
C17     6.0732000000000   1.8713000000000  -0.0000000000000
C18     6.7050000000000   3.1324000000000  -0.0000000000000
C19     8.1094000000000   3.2280000000000  -0.0000000000000
C20     8.8930000000000   2.0595000000000  -0.0000000000000
C21     8.2704000000000   0.7972000000000   0.0000000000000
Br22    9.3324000000000  -0.7818000000000   0.0000000000000
C23     6.8647000000000   0.6952000000000   0.0000000000000
H24    -0.4493000000000  -0.1682000000000   0.7959000000000
H25    -0.4494000000000  -0.1683000000000  -0.7959000000000
H26     4.2734000000000   2.4920000000000  -0.8002000000000
H27     4.2735000000000   2.4920000000000   0.8002000000000
H28     1.0862000000000   3.0388000000000  -0.0000000000000
H29    -2.6546000000000   5.0921000000000  -0.0000000000000
H30    -3.8860000000000   2.9317000000000   0.0000000000000
H31    -2.6409000000000   0.7905000000000   0.0000000000000
H32     3.6468000000000  -2.5448000000000  -0.0000000000000
H33     6.1140000000000   4.0369000000000  -0.0000000000000
H34     8.5855000000000   4.1975000000000  -0.0000000000000
H35     9.9709000000000   2.1321000000000  -0.0000000000000
H36     6.4621000000000  -0.3002000000000   0.0000000000000
&
