MAEFILE: SM21_micro015.mae
&gen
molchg=-1
&
entry_name: SM21_micro015
&zmat
C1     -0.0649000000000   3.1620000000000   0.2663000000000
C2     -1.2890000000000   2.9861000000000   0.9405000000000
Br3    -1.8054000000000   4.2033000000000   2.3096000000000
C4     -2.1301000000000   1.9107000000000   0.6014000000000
C5     -1.7435000000000   1.0166000000000  -0.4133000000000
C6     -0.5184000000000   1.1987000000000  -1.0836000000000
C7      0.3433000000000   2.2692000000000  -0.7516000000000
N8      1.5073000000000   2.4410000000000  -1.3964000000000
C9      2.6534000000000   1.9378000000000  -0.8368000000000
N10     2.8737000000000   0.5771000000000  -1.0184000000000
C11     3.9574000000000  -0.1549000000000  -0.5418000000000
C12     4.8999000000000   0.6861000000000   0.1993000000000
F13     6.0214000000000   0.1839000000000   0.7446000000000
C14     4.6481000000000   2.0122000000000   0.3484000000000
N15     3.5113000000000   2.6503000000000  -0.1754000000000
N16     3.9949000000000  -1.4249000000000  -0.8004000000000
C17     5.0592000000000  -2.1919000000000  -0.3277000000000
C18     6.1893000000000  -2.4169000000000  -1.1435000000000
C19     7.2582000000000  -3.2040000000000  -0.6728000000000
C20     7.1994000000000  -3.7768000000000   0.6122000000000
C21     6.0692000000000  -3.5656000000000   1.4254000000000
Br22    5.9857000000000  -4.3441000000000   3.1598000000000
C23     4.9996000000000  -2.7792000000000   0.9551000000000
H24     2.1673000000000   0.0741000000000  -1.5345000000000
H25     0.5704000000000   3.9931000000000   0.5377000000000
H26    -3.0693000000000   1.7728000000000   1.1160000000000
H27    -2.3863000000000   0.1906000000000  -0.6793000000000
H28    -0.2377000000000   0.5034000000000  -1.8618000000000
H29     5.3300000000000   2.6498000000000   0.8913000000000
H30     6.2401000000000  -1.9818000000000  -2.1312000000000
H31     8.1229000000000  -3.3691000000000  -1.2982000000000
H32     8.0196000000000  -4.3802000000000   0.9721000000000
H33     4.1342000000000  -2.6222000000000   1.5826000000000
&
