MAEFILE: SM23_micro007.mae
&gen
molchg=1
&
entry_name: SM23_micro007
&zmat
C1     -2.5283000000000   8.4093000000000  -0.3736000000000
C2     -3.3555000000000   7.2378000000000   0.1617000000000
O3     -2.6457000000000   6.0274000000000  -0.0484000000000
C4     -3.1803000000000   4.8543000000000   0.3486000000000
O5     -4.2797000000000   4.7569000000000   0.8978000000000
C6     -2.3018000000000   3.6849000000000   0.0541000000000
C7     -2.7342000000000   2.3866000000000   0.4085000000000
C8     -1.9284000000000   1.2632000000000   0.1412000000000
C9     -0.6724000000000   1.4160000000000  -0.4781000000000
C10    -0.2371000000000   2.7093000000000  -0.8413000000000
C11    -1.0426000000000   3.8338000000000  -0.5759000000000
N12     0.0946000000000   0.2732000000000  -0.7397000000000
C13     1.4579000000000   0.0172000000000  -0.7083000000000
N14     1.7960000000000  -1.2971000000000  -1.0143000000000
C15     3.1397000000000  -1.6359000000000  -1.0356000000000
C16     3.4692000000000  -3.0636000000000  -1.4182000000000
C17     4.0721000000000  -0.7073000000000  -0.7389000000000
C18     3.7063000000000   0.6359000000000  -0.3890000000000
N19     2.3598000000000   0.9128000000000  -0.4153000000000
N20     4.4856000000000   1.6190000000000  -0.0754000000000
C21     5.9092000000000   1.6947000000000   0.1690000000000
C22     6.6334000000000   0.6309000000000   0.7499000000000
C23     8.0161000000000   0.7692000000000   0.9806000000000
C24     8.6872000000000   1.9717000000000   0.6467000000000
C25     7.9429000000000   3.0355000000000   0.0851000000000
C26     6.5606000000000   2.9017000000000  -0.1473000000000
C27    10.1507000000000   2.1482000000000   0.8778000000000
O28    10.7592000000000   3.1871000000000   0.6136000000000
O29    10.7361000000000   1.0533000000000   1.4037000000000
C30    12.1264000000000   1.0590000000000   1.6864000000000
C31    12.5343000000000  -0.3049000000000   2.2494000000000
H32     1.1189000000000  -2.0098000000000  -1.2475000000000
H33     4.0187000000000   2.5189000000000  -0.0304000000000
H34    -3.0516000000000   9.3538000000000  -0.2242000000000
H35    -1.5669000000000   8.4755000000000   0.1361000000000
H36    -2.3363000000000   8.2986000000000  -1.4410000000000
H37    -4.3194000000000   7.1965000000000  -0.3474000000000
H38    -3.5499000000000   7.3728000000000   1.2265000000000
H39    -3.6908000000000   2.2371000000000   0.8880000000000
H40    -2.2807000000000   0.2801000000000   0.4180000000000
H41     0.7129000000000   2.8511000000000  -1.3345000000000
H42    -0.6749000000000   4.8064000000000  -0.8685000000000
H43    -0.5082000000000  -0.5322000000000  -0.8290000000000
H44     4.0077000000000  -3.5564000000000  -0.6083000000000
H45     2.5684000000000  -3.6414000000000  -1.6288000000000
H46     4.0994000000000  -3.0792000000000  -2.3078000000000
H47     5.1200000000000  -0.9596000000000  -0.7808000000000
H48     6.1453000000000  -0.2863000000000   1.0425000000000
H49     8.5454000000000  -0.0616000000000   1.4240000000000
H50     8.4251000000000   3.9676000000000  -0.1729000000000
H51     6.0090000000000   3.7258000000000  -0.5760000000000
H52    12.3543000000000   1.8447000000000   2.4081000000000
H53    12.6900000000000   1.2720000000000   0.7768000000000
H54    13.6003000000000  -0.3271000000000   2.4762000000000
H55    11.9921000000000  -0.5267000000000   3.1690000000000
H56    12.3280000000000  -1.1026000000000   1.5352000000000
&
