MAEFILE: SM23_micro034.mae
&gen
molchg=-1
&
entry_name: SM23_micro034
&zmat
C1     -3.4850000000000   8.1144000000000   1.6193000000000
C2     -3.5171000000000   7.1912000000000   0.3988000000000
O3     -2.7441000000000   6.0326000000000   0.6679000000000
C4     -2.5953000000000   5.0858000000000  -0.2804000000000
O5     -3.1029000000000   5.1578000000000  -1.4019000000000
C6     -1.7482000000000   3.9432000000000   0.1679000000000
C7     -1.5055000000000   2.8748000000000  -0.7237000000000
C8     -0.6886000000000   1.7951000000000  -0.3411000000000
C9     -0.0809000000000   1.7696000000000   0.9338000000000
C10    -0.3464000000000   2.8160000000000   1.8389000000000
C11    -1.1701000000000   3.8954000000000   1.4604000000000
N12     0.7955000000000   0.7382000000000   1.3058000000000
C13     1.8577000000000   0.1639000000000   0.6275000000000
N14     2.6264000000000  -0.6873000000000   1.3081000000000
C15     3.6820000000000  -1.2052000000000   0.6384000000000
C16     4.5604000000000  -2.1768000000000   1.3972000000000
C17     3.9608000000000  -0.8656000000000  -0.7051000000000
C18     3.0888000000000   0.0469000000000  -1.3413000000000
N19     2.0418000000000   0.5386000000000  -0.6361000000000
N20     3.2893000000000   0.4187000000000  -2.6227000000000
C21     2.6269000000000   1.4829000000000  -3.1115000000000
C22     1.3376000000000   1.3374000000000  -3.6694000000000
C23     0.5763000000000   2.4592000000000  -4.0478000000000
C24     1.0979000000000   3.7644000000000  -3.8930000000000
C25     2.4112000000000   3.9119000000000  -3.3946000000000
C26     3.1627000000000   2.7847000000000  -3.0096000000000
C27     0.2941000000000   4.9767000000000  -4.2184000000000
O28     0.7511000000000   6.1219000000000  -4.2038000000000
O29    -0.9922000000000   4.6904000000000  -4.5063000000000
C30    -1.9051000000000   5.7365000000000  -4.7941000000000
C31    -3.2826000000000   5.1382000000000  -5.0886000000000
H32    -4.0722000000000   9.0151000000000   1.4396000000000
H33    -3.8957000000000   7.6174000000000   2.4985000000000
H34    -2.4649000000000   8.4215000000000   1.8518000000000
H35    -3.1175000000000   7.7104000000000  -0.4734000000000
H36    -4.5450000000000   6.9055000000000   0.1714000000000
H37    -1.9324000000000   2.8750000000000  -1.7163000000000
H38    -0.5161000000000   0.9965000000000  -1.0476000000000
H39     0.1027000000000   2.8091000000000   2.8214000000000
H40    -1.3343000000000   4.6881000000000   2.1755000000000
H41     0.8094000000000   0.5480000000000   2.2966000000000
H42     5.5931000000000  -2.1103000000000   1.0539000000000
H43     4.5456000000000  -1.9654000000000   2.4670000000000
H44     4.2112000000000  -3.1977000000000   1.2425000000000
H45     4.8074000000000  -1.2872000000000  -1.2270000000000
H46     0.9005000000000   0.3536000000000  -3.7614000000000
H47    -0.4188000000000   2.2951000000000  -4.4340000000000
H48     2.8453000000000   4.8931000000000  -3.2695000000000
H49     4.1478000000000   2.9289000000000  -2.5898000000000
H50    -1.5543000000000   6.3095000000000  -5.6534000000000
H51    -1.9673000000000   6.4177000000000  -3.9442000000000
H52    -4.0057000000000   5.9225000000000  -5.3113000000000
H53    -3.2428000000000   4.4666000000000  -5.9464000000000
H54    -3.6551000000000   4.5718000000000  -4.2348000000000
&
