MAEFILE: SM23_micro005.mae
&gen
&
entry_name: SM23_micro005
&zmat
C1     -4.1340000000000   7.9782000000000  -1.1302000000000
C2     -4.5545000000000   6.7801000000000  -0.2754000000000
O3     -3.5777000000000   5.7574000000000  -0.3883000000000
C4     -3.7661000000000   4.5731000000000   0.2286000000000
O5     -4.7611000000000   4.3075000000000   0.9062000000000
C6     -2.6461000000000   3.6142000000000   0.0023000000000
C7     -2.7309000000000   2.3098000000000   0.5405000000000
C8     -1.6915000000000   1.3811000000000   0.3402000000000
C9     -0.5446000000000   1.7410000000000  -0.3938000000000
C10    -0.4551000000000   3.0403000000000  -0.9385000000000
C11    -1.4950000000000   3.9695000000000  -0.7414000000000
N12     0.4636000000000   0.7876000000000  -0.5849000000000
C13     1.8477000000000   0.8730000000000  -0.6240000000000
N14     2.5090000000000  -0.3307000000000  -0.8232000000000
C15     3.8865000000000  -0.4967000000000  -0.9062000000000
C16     4.6113000000000   0.7590000000000  -0.7394000000000
C17     3.9343000000000   1.9229000000000  -0.5417000000000
N18     2.5275000000000   1.9686000000000  -0.4871000000000
C19     4.6687000000000   3.2353000000000  -0.3618000000000
N20     4.3676000000000  -1.6815000000000  -1.1105000000000
C21     5.7528000000000  -1.8226000000000  -1.2118000000000
C22     6.5011000000000  -2.2605000000000  -0.1001000000000
C23     7.8975000000000  -2.4166000000000  -0.1973000000000
C24     8.5690000000000  -2.1436000000000  -1.4139000000000
C25     7.8112000000000  -1.7159000000000  -2.5281000000000
C26     6.4153000000000  -1.5612000000000  -2.4301000000000
C27    10.0464000000000  -2.2966000000000  -1.5506000000000
O28    10.6598000000000  -2.0536000000000  -2.5918000000000
O29    10.6391000000000  -2.7272000000000  -0.4143000000000
C30    12.0453000000000  -2.9298000000000  -0.3557000000000
C31    12.7771000000000  -1.6201000000000  -0.0346000000000
H32     1.9450000000000  -1.1611000000000  -0.9277000000000
H33    -4.8671000000000   8.7816000000000  -1.0584000000000
H34    -3.1713000000000   8.3736000000000  -0.8054000000000
H35    -4.0458000000000   7.6987000000000  -2.1804000000000
H36    -5.5244000000000   6.4077000000000  -0.6080000000000
H37    -4.6557000000000   7.0801000000000   0.7683000000000
H38    -3.5966000000000   2.0054000000000   1.1110000000000
H39    -1.7785000000000   0.3887000000000   0.7582000000000
H40     0.4077000000000   3.3338000000000  -1.5182000000000
H41    -1.3889000000000   4.9540000000000  -1.1730000000000
H42     0.0743000000000  -0.1427000000000  -0.5404000000000
H43     5.6905000000000   0.8057000000000  -0.7648000000000
H44     5.4449000000000   3.3463000000000  -1.1196000000000
H45     3.9886000000000   4.0836000000000  -0.4469000000000
H46     5.1395000000000   3.2713000000000   0.6209000000000
H47     6.0049000000000  -2.4746000000000   0.8355000000000
H48     8.4364000000000  -2.7486000000000   0.6780000000000
H49     8.2918000000000  -1.5032000000000  -3.4722000000000
H50     5.8533000000000  -1.2359000000000  -3.2937000000000
H51    12.4159000000000  -3.3631000000000  -1.2856000000000
H52    12.2487000000000  -3.6593000000000   0.4282000000000
H53    13.8514000000000  -1.7872000000000   0.0428000000000
H54    12.6136000000000  -0.8712000000000  -0.8099000000000
H55    12.4350000000000  -1.2032000000000   0.9128000000000
&
