MAEFILE: SM23_micro042.mae
&gen
molchg=2
&
entry_name: SM23_micro042
&zmat
C1     -2.3179000000000   8.5286000000000  -0.3298000000000
C2     -2.5041000000000   7.2571000000000  -1.1612000000000
O3     -1.7998000000000   6.1905000000000  -0.5459000000000
C4     -1.8629000000000   4.9488000000000  -1.0666000000000
O5     -2.5078000000000   4.6635000000000  -2.0774000000000
C6     -1.0732000000000   3.9513000000000  -0.2867000000000
C7     -1.0857000000000   2.5931000000000  -0.6873000000000
C8     -0.3557000000000   1.6251000000000   0.0294000000000
C9      0.3925000000000   2.0224000000000   1.1520000000000
C10     0.4218000000000   3.3644000000000   1.5701000000000
C11    -0.3110000000000   4.3269000000000   0.8487000000000
N12     1.1708000000000   0.9962000000000   1.9259000000000
C13     2.4746000000000   0.6083000000000   1.2494000000000
N14     2.5490000000000  -0.6047000000000   0.6843000000000
C15     3.7014000000000  -0.9866000000000   0.0757000000000
C16     4.8104000000000  -0.1088000000000   0.0775000000000
C17     4.6413000000000   1.1434000000000   0.6977000000000
N18     3.4751000000000   1.4927000000000   1.2769000000000
C19     5.7611000000000   2.1614000000000   0.7485000000000
N20     3.7168000000000  -2.2774000000000  -0.4725000000000
C21     4.6212000000000  -2.8350000000000  -1.3883000000000
C22     5.2716000000000  -2.0667000000000  -2.3795000000000
C23     6.1607000000000  -2.6745000000000  -3.2870000000000
C24     6.4074000000000  -4.0673000000000  -3.2298000000000
C25     5.7356000000000  -4.8350000000000  -2.2519000000000
C26     4.8479000000000  -4.2251000000000  -1.3449000000000
C27     7.3471000000000  -4.7424000000000  -4.1717000000000
O28     7.5632000000000  -5.9561000000000  -4.1617000000000
O29     7.9371000000000  -3.8860000000000  -5.0302000000000
C30     8.8670000000000  -4.3687000000000  -5.9868000000000
C31     9.3584000000000  -3.2033000000000  -6.8492000000000
H32     1.3836000000000   1.3566000000000   2.8452000000000
H33     0.6097000000000   0.1666000000000   2.0532000000000
H34     1.7534000000000  -1.2431000000000   0.7011000000000
H35    -2.8496000000000   9.3672000000000  -0.7794000000000
H36    -2.7012000000000   8.3947000000000   0.6821000000000
H37    -1.2642000000000   8.7995000000000  -0.2582000000000
H38    -2.1301000000000   7.4117000000000  -2.1742000000000
H39    -3.5643000000000   7.0110000000000  -1.2335000000000
H40    -1.6587000000000   2.2795000000000  -1.5482000000000
H41    -0.3728000000000   0.5915000000000  -0.2839000000000
H42     0.9994000000000   3.6593000000000   2.4340000000000
H43    -0.2751000000000   5.3531000000000   1.1847000000000
H44     5.7607000000000  -0.3801000000000  -0.3582000000000
H45     6.7068000000000   1.7228000000000   0.4291000000000
H46     5.5364000000000   3.0022000000000   0.0919000000000
H47     5.8896000000000   2.5410000000000   1.7626000000000
H48     2.9999000000000  -2.9046000000000  -0.1373000000000
H49     5.0871000000000  -1.0065000000000  -2.4668000000000
H50     6.6413000000000  -2.0513000000000  -4.0271000000000
H51     5.8941000000000  -5.9018000000000  -2.1856000000000
H52     4.3461000000000  -4.8347000000000  -0.6072000000000
H53     8.3954000000000  -5.1257000000000  -6.6150000000000
H54     9.7094000000000  -4.8395000000000  -5.4784000000000
H55    10.0763000000000  -3.5479000000000  -7.5935000000000
H56     8.5305000000000  -2.7297000000000  -7.3774000000000
H57     9.8483000000000  -2.4432000000000  -6.2402000000000
&
