MAEFILE: SM23_micro041.mae
&gen
molchg=2
&
entry_name: SM23_micro041
&zmat
C1     -2.8798000000000   7.9070000000000   1.0878000000000
C2     -3.5391000000000   6.8718000000000   0.1677000000000
O3     -2.5978000000000   5.8891000000000  -0.2450000000000
C4     -2.3652000000000   4.7896000000000   0.5063000000000
O5     -2.9337000000000   4.5564000000000   1.5745000000000
C6     -1.3501000000000   3.8782000000000  -0.0984000000000
C7     -1.0836000000000   2.6318000000000   0.5187000000000
C8     -0.1398000000000   1.7434000000000  -0.0325000000000
C9      0.5459000000000   2.1110000000000  -1.2046000000000
C10     0.3033000000000   3.3450000000000  -1.8329000000000
C11    -0.6451000000000   4.2265000000000  -1.2786000000000
N12     1.5455000000000   1.1660000000000  -1.8126000000000
C13     2.7907000000000   1.0100000000000  -0.9848000000000
C14     3.7025000000000   2.0620000000000  -0.7876000000000
C15     4.8276000000000   1.7501000000000  -0.0033000000000
C16     5.8986000000000   2.7785000000000   0.2935000000000
N17     5.0084000000000   0.5156000000000   0.5123000000000
C18     4.0946000000000  -0.4396000000000   0.2807000000000
N19     2.9928000000000  -0.2200000000000  -0.4558000000000
N20     4.2811000000000  -1.7159000000000   0.7824000000000
C21     5.3236000000000  -2.3315000000000   1.4877000000000
C22     5.6496000000000  -3.6679000000000   1.1836000000000
C23     6.6833000000000  -4.3277000000000   1.8757000000000
C24     7.4059000000000  -3.6616000000000   2.8947000000000
C25     7.0671000000000  -2.3244000000000   3.2038000000000
C26     6.0340000000000  -1.6651000000000   2.5094000000000
C27     8.5050000000000  -4.3327000000000   3.6482000000000
O28     9.1431000000000  -3.7858000000000   4.5501000000000
O29     8.7262000000000  -5.5984000000000   3.2383000000000
C30     9.7382000000000  -6.3786000000000   3.8545000000000
C31     9.7809000000000  -7.7605000000000   3.1973000000000
H32     1.1118000000000   0.2634000000000  -1.9424000000000
H33     1.7971000000000   1.4973000000000  -2.7331000000000
H34     2.3186000000000  -0.9671000000000  -0.6233000000000
H35    -3.5924000000000   8.6830000000000   1.3686000000000
H36    -2.5114000000000   7.4468000000000   2.0050000000000
H37    -2.0378000000000   8.3912000000000   0.5922000000000
H38    -3.9197000000000   7.3699000000000  -0.7239000000000
H39    -4.3992000000000   6.4113000000000   0.6563000000000
H40    -1.6067000000000   2.3415000000000   1.4187000000000
H41     0.0512000000000   0.7923000000000   0.4428000000000
H42     0.8335000000000   3.6176000000000  -2.7337000000000
H43    -0.8183000000000   5.1693000000000  -1.7767000000000
H44     3.5541000000000   3.0451000000000  -1.2111000000000
H45     5.5445000000000   3.7869000000000   0.0771000000000
H46     6.1892000000000   2.7405000000000   1.3440000000000
H47     6.7831000000000   2.5884000000000  -0.3151000000000
H48     3.6116000000000  -2.3801000000000   0.4224000000000
H49     5.1102000000000  -4.1963000000000   0.4109000000000
H50     6.9054000000000  -5.3505000000000   1.6086000000000
H51     7.5943000000000  -1.7894000000000   3.9806000000000
H52     5.7903000000000  -0.6480000000000   2.7786000000000
H53     9.5320000000000  -6.4773000000000   4.9211000000000
H54    10.7047000000000  -5.8837000000000   3.7487000000000
H55    10.5524000000000  -8.3822000000000   3.6518000000000
H56     8.8274000000000  -8.2775000000000   3.3074000000000
H57    10.0001000000000  -7.6816000000000   2.1321000000000
&
