MAEFILE: SM23_micro045.mae
&gen
molchg=3
&
entry_name: SM23_micro045
&zmat
C1     -0.9799000000000   9.0882000000000  -0.0001000000000
C2     -2.1628000000000   8.1168000000000   0.0002000000000
O3     -1.6738000000000   6.7849000000000   0.0001000000000
C4     -2.5372000000000   5.7497000000000   0.0001000000000
O5     -3.7625000000000   5.8820000000000   0.0002000000000
C6     -1.8548000000000   4.4226000000000   0.0001000000000
C7     -2.6334000000000   3.2441000000000   0.0001000000000
C8     -2.0179000000000   1.9785000000000   0.0000000000000
C9     -0.6137000000000   1.8640000000000  -0.0000000000000
C10     0.1765000000000   3.0397000000000   0.0000000000000
C11    -0.4444000000000   4.3046000000000   0.0001000000000
N12    -0.1048000000000   0.4191000000000  -0.0003000000000
C13     1.3657000000000   0.0114000000000   0.0001000000000
C14     1.6712000000000  -1.3600000000000   0.0005000000000
C15     3.0395000000000  -1.7003000000000   0.0005000000000
C16     3.5116000000000  -3.1387000000000   0.0006000000000
N17     3.9843000000000  -0.7251000000000   0.0003000000000
C18     3.6097000000000   0.5629000000000  -0.0001000000000
N19     2.3286000000000   0.9529000000000  -0.0003000000000
N20     4.6314000000000   1.7168000000000  -0.0008000000000
C21     6.1487000000000   1.5281000000000  -0.0003000000000
C22     6.8357000000000   0.2905000000000  -0.0010000000000
C23     8.2447000000000   0.2705000000000  -0.0006000000000
C24     8.9899000000000   1.4743000000000   0.0001000000000
C25     8.2929000000000   2.7032000000000   0.0007000000000
C26     6.8856000000000   2.7286000000000   0.0005000000000
C27    10.4826000000000   1.4799000000000   0.0003000000000
O28    11.1572000000000   2.5114000000000   0.0007000000000
O29    11.0125000000000   0.2403000000000  -0.0000000000000
C30    12.4211000000000   0.0699000000000   0.0001000000000
C31    12.7494000000000  -1.4252000000000  -0.0001000000000
H32    -0.5306000000000  -0.0333000000000   0.7961000000000
H33    -0.5301000000000  -0.0328000000000  -0.7973000000000
H34     4.9699000000000  -0.9880000000000   0.0003000000000
H35     4.4052000000000   2.2897000000000  -0.8015000000000
H36     4.4049000000000   2.2909000000000   0.7988000000000
H37    -1.3271000000000  10.1215000000000   0.0000000000000
H38    -0.3552000000000   8.9453000000000   0.8822000000000
H39    -0.3552000000000   8.9453000000000  -0.8820000000000
H40    -2.7847000000000   8.2840000000000  -0.8805000000000
H41    -2.7846000000000   8.2840000000000   0.8806000000000
H42    -3.7129000000000   3.2978000000000   0.0001000000000
H43    -2.6361000000000   1.0923000000000  -0.0000000000000
H44     1.2500000000000   3.0449000000000  -0.0000000000000
H45     0.1872000000000   5.1813000000000   0.0001000000000
H46     0.9000000000000  -2.1178000000000   0.0006000000000
H47     2.6683000000000  -3.8300000000000   0.0007000000000
H48     4.1166000000000  -3.3402000000000  -0.8838000000000
H49     4.1166000000000  -3.3400000000000   0.8851000000000
H50     6.3491000000000  -0.6665000000000  -0.0018000000000
H51     8.7396000000000  -0.6900000000000  -0.0011000000000
H52     8.8307000000000   3.6409000000000   0.0013000000000
H53     6.3748000000000   3.6808000000000   0.0009000000000
H54    12.8528000000000   0.5476000000000   0.8805000000000
H55    12.8528000000000   0.5477000000000  -0.8805000000000
H56    13.8277000000000  -1.5848000000000  -0.0000000000000
H57    12.3387000000000  -1.9172000000000   0.8821000000000
H58    12.3387000000000  -1.9172000000000  -0.8821000000000
&
