MAEFILE: SM24_micro013.mae
&gen
&
entry_name: SM24_micro013
&zmat
C1     -4.8483000000000   1.2122000000000  -0.0486000000000
O2     -4.1152000000000   0.0600000000000  -0.4388000000000
C3     -2.7421000000000   0.0981000000000  -0.3244000000000
C4     -2.0298000000000  -1.0461000000000  -0.7351000000000
C5     -0.6244000000000  -1.0863000000000  -0.6607000000000
C6      0.1017000000000   0.0190000000000  -0.1715000000000
C7     -0.6106000000000   1.1590000000000   0.2545000000000
C8     -2.0151000000000   1.2060000000000   0.1760000000000
C9      1.5715000000000  -0.0165000000000  -0.1052000000000
C10     2.3699000000000  -0.9059000000000   0.5884000000000
C11     2.0600000000000  -2.0355000000000   1.4628000000000
C12     0.9096000000000  -2.0325000000000   2.2811000000000
C13     0.6196000000000  -3.1262000000000   3.1186000000000
C14     1.4720000000000  -4.2466000000000   3.1650000000000
C15     2.6342000000000  -4.2477000000000   2.3554000000000
C16     2.9222000000000  -3.1520000000000   1.5187000000000
O17     1.1116000000000  -5.2765000000000   4.0073000000000
C18     1.9436000000000  -6.4265000000000   4.0493000000000
O19     3.7259000000000  -0.6485000000000   0.4159000000000
C20     3.8316000000000   0.4464000000000  -0.4215000000000
C21     2.5266000000000   0.8199000000000  -0.7414000000000
N22     4.9704000000000   1.0447000000000  -0.8637000000000
C23     4.7408000000000   2.0843000000000  -1.6837000000000
N24     3.5240000000000   2.5184000000000  -2.0657000000000
C25     2.3843000000000   1.9165000000000  -1.6222000000000
N26     1.1435000000000   2.3891000000000  -2.0687000000000
C27     1.0194000000000   3.7720000000000  -2.5090000000000
C28    -0.4532000000000   4.2161000000000  -2.5838000000000
O29    -0.8583000000000   4.3443000000000  -1.3455000000000
H30     3.4435000000000   3.3121000000000  -2.7017000000000
H31    -5.9123000000000   1.0304000000000  -0.1998000000000
H32    -4.7006000000000   1.4402000000000   1.0079000000000
H33    -4.5732000000000   2.0811000000000  -0.6480000000000
H34    -2.5668000000000  -1.9025000000000  -1.1161000000000
H35    -0.1014000000000  -1.9740000000000  -0.9857000000000
H36    -0.0763000000000   2.0165000000000   0.6371000000000
H37    -2.5102000000000   2.1077000000000   0.5035000000000
H38     0.2376000000000  -1.1874000000000   2.2785000000000
H39    -0.2682000000000  -3.1040000000000   3.7334000000000
H40     3.3224000000000  -5.0792000000000   2.3567000000000
H41     3.8136000000000  -3.1812000000000   0.9089000000000
H42     1.5186000000000  -7.1525000000000   4.7422000000000
H43     2.0121000000000  -6.9053000000000   3.0716000000000
H44     2.9457000000000  -6.1801000000000   4.4028000000000
H45     5.5824000000000   2.6264000000000  -2.0893000000000
H46     0.3137000000000   1.9728000000000  -1.6695000000000
H47     1.4696000000000   3.8488000000000  -3.4994000000000
H48     1.5879000000000   4.4339000000000  -1.8526000000000
H49    -0.9513000000000   3.5083000000000  -3.2480000000000
H50    -0.4446000000000   5.0995000000000  -3.2228000000000
&
