MAEFILE: SM24_micro004.mae
&gen
molchg=1
&
entry_name: SM24_micro004
&zmat
C1      5.5406000000000  -4.8894000000000  -0.8120000000000
O2      4.5896000000000  -5.0773000000000   0.2261000000000
C3      3.3657000000000  -4.4553000000000   0.1044000000000
C4      2.4370000000000  -4.6536000000000   1.1454000000000
C5      1.1667000000000  -4.0485000000000   1.1032000000000
C6      0.7969000000000  -3.2276000000000   0.0184000000000
C7      1.7200000000000  -3.0378000000000  -1.0310000000000
C8      2.9921000000000  -3.6399000000000  -0.9921000000000
C9     -0.5248000000000  -2.5818000000000  -0.0144000000000
C10    -1.7657000000000  -3.1891000000000  -0.0278000000000
C11    -2.1736000000000  -4.5922000000000  -0.0537000000000
C12    -3.3623000000000  -5.0019000000000   0.5871000000000
C13    -3.7652000000000  -6.3507000000000   0.5615000000000
C14    -2.9962000000000  -7.3217000000000  -0.1096000000000
C15    -1.8069000000000  -6.9126000000000  -0.7611000000000
C16    -1.4059000000000  -5.5631000000000  -0.7329000000000
O17    -3.4622000000000  -8.6190000000000  -0.0878000000000
C18    -2.7076000000000  -9.6106000000000  -0.7691000000000
O19    -2.8092000000000  -2.2690000000000  -0.0320000000000
C20    -2.2443000000000  -1.0068000000000  -0.0217000000000
C21    -0.8569000000000  -1.2016000000000  -0.0057000000000
N22    -2.8940000000000   0.1911000000000  -0.0168000000000
C23    -2.0201000000000   1.2057000000000   0.0096000000000
N24    -0.6793000000000   1.1618000000000   0.0374000000000
C25    -0.0453000000000  -0.0396000000000   0.0345000000000
N26     1.3545000000000  -0.0847000000000   0.0810000000000
C27     2.1443000000000   1.1349000000000   0.1495000000000
C28     3.6497000000000   0.8290000000000   0.1286000000000
O29     4.0882000000000   0.3832000000000   1.4002000000000
H30     5.0141000000000   0.1991000000000   1.3513000000000
H31     3.9290000000000   1.0641000000000   2.0367000000000
H32     6.4469000000000  -5.4470000000000  -0.5760000000000
H33     5.1668000000000  -5.2588000000000  -1.7679000000000
H34     5.8173000000000  -3.8391000000000  -0.9134000000000
H35     2.7017000000000  -5.2756000000000   1.9879000000000
H36     0.4726000000000  -4.2143000000000   1.9144000000000
H37     1.4529000000000  -2.4191000000000  -1.8755000000000
H38     3.6638000000000  -3.4602000000000  -1.8175000000000
H39    -3.9736000000000  -4.2818000000000   1.1113000000000
H40    -4.6765000000000  -6.6429000000000   1.0626000000000
H41    -1.1836000000000  -7.6149000000000  -1.2933000000000
H42    -0.5004000000000  -5.2795000000000  -1.2483000000000
H43    -3.2059000000000 -10.5746000000000  -0.6680000000000
H44    -2.6300000000000  -9.3907000000000  -1.8346000000000
H45    -1.7071000000000  -9.7106000000000  -0.3464000000000
H46    -2.4538000000000   2.1946000000000   0.0132000000000
H47     1.8241000000000  -0.9792000000000   0.0961000000000
H48     1.8720000000000   1.7165000000000   1.0315000000000
H49     1.8967000000000   1.7436000000000  -0.7209000000000
H50     4.2023000000000   1.7339000000000  -0.1298000000000
H51     3.8843000000000   0.0849000000000  -0.6347000000000
&
