MAEFILE: SM24_micro031.mae
&gen
molchg=1
&
entry_name: SM24_micro031
&zmat
C1     -4.9561000000000   0.9722000000000   0.3862000000000
O2     -4.1929000000000  -0.1368000000000  -0.0663000000000
C3     -2.8189000000000  -0.0325000000000  -0.0391000000000
C4     -2.0818000000000  -1.1391000000000  -0.5047000000000
C5     -0.6746000000000  -1.1160000000000  -0.5113000000000
C6      0.0298000000000   0.0135000000000  -0.0455000000000
C7     -0.7063000000000   1.1240000000000   0.4179000000000
C8     -2.1144000000000   1.1065000000000   0.4229000000000
C9      1.5008000000000   0.0360000000000  -0.0510000000000
C10     2.3097000000000   0.9542000000000  -0.6950000000000
C11     2.0425000000000   2.1133000000000  -1.5428000000000
C12     2.9101000000000   3.2263000000000  -1.5215000000000
C13     2.6620000000000   4.3468000000000  -2.3368000000000
C14     1.5470000000000   4.3820000000000  -3.1969000000000
C15     0.6801000000000   3.2622000000000  -3.2287000000000
C16     0.9306000000000   2.1425000000000  -2.4121000000000
O17     1.3767000000000   5.5177000000000  -3.9594000000000
C18     0.2504000000000   5.5798000000000  -4.8221000000000
O19     3.6432000000000   0.6621000000000  -0.4795000000000
C20     3.6274000000000  -0.4429000000000   0.3020000000000
C21     2.3855000000000  -0.8604000000000   0.6089000000000
N22     4.7319000000000  -1.1350000000000   0.7703000000000
C23     4.5167000000000  -2.2436000000000   1.5154000000000
N24     3.2842000000000  -2.6794000000000   1.8667000000000
C25     2.1772000000000  -2.0188000000000   1.4645000000000
N26     0.9479000000000  -2.4107000000000   1.8528000000000
C27     0.6287000000000  -3.5759000000000   2.6922000000000
C28     0.4624000000000  -4.8585000000000   1.8563000000000
O29     1.6781000000000  -5.2951000000000   1.6442000000000
H30     5.6542000000000  -0.8100000000000   0.5152000000000
H31     3.1847000000000  -3.5236000000000   2.4149000000000
H32    -6.0170000000000   0.7373000000000   0.3011000000000
H33    -4.7515000000000   1.1976000000000   1.4337000000000
H34    -4.7656000000000   1.8597000000000  -0.2188000000000
H35    -2.6009000000000  -2.0159000000000  -0.8635000000000
H36    -0.1341000000000  -1.9769000000000  -0.8777000000000
H37    -0.1881000000000   2.0028000000000   0.7733000000000
H38    -2.6315000000000   1.9814000000000   0.7870000000000
H39     3.7720000000000   3.2333000000000  -0.8704000000000
H40     3.3356000000000   5.1905000000000  -2.3002000000000
H41    -0.1849000000000   3.2357000000000  -3.8737000000000
H42     0.2581000000000   1.2993000000000  -2.4656000000000
H43     0.2509000000000   6.5354000000000  -5.3463000000000
H44     0.2802000000000   4.7911000000000  -5.5752000000000
H45    -0.6837000000000   5.5114000000000  -4.2629000000000
H46     5.3756000000000  -2.8124000000000   1.8503000000000
H47     0.1546000000000  -1.9010000000000   1.4902000000000
H48    -0.3203000000000  -3.3499000000000   3.1798000000000
H49     1.3583000000000  -3.6945000000000   3.4948000000000
H50    -0.1715000000000  -4.5921000000000   1.0090000000000
H51    -0.2357000000000  -5.4787000000000   2.4196000000000
&
