MAEFILE: SM24_micro023.mae
&gen
&
entry_name: SM24_micro023
&zmat
C1     -4.8515000000000   0.9066000000000  -0.4708000000000
O2     -4.0910000000000  -0.1805000000000   0.0347000000000
C3     -2.7170000000000  -0.0724000000000   0.0204000000000
C4     -1.9815000000000  -1.1702000000000   0.5083000000000
C5     -0.5745000000000  -1.1447000000000   0.5252000000000
C6      0.1317000000000  -0.0219000000000   0.0462000000000
C7     -0.6030000000000   1.0817000000000  -0.4351000000000
C8     -2.0109000000000   1.0622000000000  -0.4497000000000
C9      1.6039000000000  -0.0001000000000   0.0420000000000
C10     2.4207000000000   0.9270000000000   0.6656000000000
C11     2.1577000000000   2.0867000000000   1.5147000000000
C12     1.0559000000000   2.1100000000000   2.3966000000000
C13     0.8138000000000   3.2289000000000   3.2157000000000
C14     1.6670000000000   4.3494000000000   3.1791000000000
C15     2.7786000000000   4.3261000000000   2.3015000000000
C16     3.0190000000000   3.2047000000000   1.4838000000000
O17     1.3575000000000   5.4027000000000   4.0128000000000
C18     2.2098000000000   6.5387000000000   3.9991000000000
O19     3.7558000000000   0.6544000000000   0.4165000000000
C20     3.7404000000000  -0.4522000000000  -0.3637000000000
C21     2.4894000000000  -0.8894000000000  -0.6251000000000
N22     4.8440000000000  -1.1122000000000  -0.8953000000000
C23     4.6341000000000  -2.2319000000000  -1.7100000000000
N24     3.4488000000000  -2.7015000000000  -2.0076000000000
C25     2.3408000000000  -2.0701000000000  -1.4958000000000
N26     1.1506000000000  -2.4944000000000  -1.7654000000000
C27     0.7992000000000  -3.6686000000000  -2.5848000000000
C28    -0.7149000000000  -3.7625000000000  -2.8517000000000
O29    -1.2873000000000  -3.9236000000000  -1.6852000000000
H30     5.7677000000000  -0.7631000000000  -0.6812000000000
H31     0.3623000000000  -2.0162000000000  -1.3397000000000
H32    -5.9122000000000   0.6666000000000  -0.4008000000000
H33    -4.6804000000000   1.8154000000000   0.1076000000000
H34    -4.6255000000000   1.0979000000000  -1.5207000000000
H35    -2.5013000000000  -2.0459000000000   0.8688000000000
H36    -0.0360000000000  -2.0020000000000   0.9020000000000
H37    -0.0826000000000   1.9546000000000  -0.8021000000000
H38    -2.5266000000000   1.9306000000000  -0.8302000000000
H39     0.3872000000000   1.2643000000000   2.4585000000000
H40    -0.0358000000000   3.2248000000000   3.8827000000000
H41     3.4639000000000   5.1573000000000   2.2365000000000
H42     3.8730000000000   3.2138000000000   0.8222000000000
H43     1.8360000000000   7.2767000000000   4.7086000000000
H44     3.2262000000000   6.2791000000000   4.2986000000000
H45     2.2316000000000   7.0098000000000   3.0155000000000
H46     5.5467000000000  -2.6951000000000  -2.0881000000000
H47     1.1651000000000  -4.5513000000000  -2.0574000000000
H48     1.3503000000000  -3.5848000000000  -3.5228000000000
H49    -0.8190000000000  -4.5451000000000  -3.6035000000000
H50    -0.9612000000000  -2.8864000000000  -3.4528000000000
&
