MAEFILE: SM24_micro027.mae
&gen
molchg=-1
&
entry_name: SM24_micro027
&zmat
C1     -4.8533000000000   1.1926000000000  -0.0121000000000
O2     -4.1225000000000   0.0319000000000  -0.3809000000000
C3     -2.7484000000000   0.0753000000000  -0.2820000000000
C4     -2.0369000000000  -1.0725000000000  -0.6845000000000
C5     -0.6307000000000  -1.1067000000000  -0.6259000000000
C6      0.0974000000000   0.0072000000000  -0.1596000000000
C7     -0.6139000000000   1.1506000000000   0.2586000000000
C8     -2.0194000000000   1.1923000000000   0.1947000000000
C9      1.5680000000000  -0.0248000000000  -0.1061000000000
C10     2.3713000000000  -0.9125000000000   0.5838000000000
C11     2.0664000000000  -2.0409000000000   1.4621000000000
C12     0.9252000000000  -2.0328000000000   2.2929000000000
C13     0.6386000000000  -3.1260000000000   3.1320000000000
C14     1.4855000000000  -4.2511000000000   3.1671000000000
C15     2.6395000000000  -4.2566000000000   2.3457000000000
C16     2.9243000000000  -3.1610000000000   1.5078000000000
O17     1.1285000000000  -5.2809000000000   4.0111000000000
C18     1.9538000000000  -6.4363000000000   4.0400000000000
O19     3.7263000000000  -0.6568000000000   0.4035000000000
C20     3.8303000000000   0.4378000000000  -0.4345000000000
C21     2.5175000000000   0.8134000000000  -0.7492000000000
N22     4.9738000000000   1.0317000000000  -0.8784000000000
C23     4.6893000000000   2.0600000000000  -1.6880000000000
N24     3.4914000000000   2.5170000000000  -2.0802000000000
C25     2.3593000000000   1.9131000000000  -1.6316000000000
N26     1.1115000000000   2.3734000000000  -2.0696000000000
C27     0.9749000000000   3.7579000000000  -2.5009000000000
C28    -0.5029000000000   4.1694000000000  -2.6482000000000
O29    -0.9791000000000   4.2912000000000  -1.4343000000000
H30    -5.9180000000000   1.0095000000000  -0.1570000000000
H31    -4.7022000000000   1.4411000000000   1.0392000000000
H32    -4.5788000000000   2.0495000000000  -0.6290000000000
H33    -2.5750000000000  -1.9357000000000  -1.0479000000000
H34    -0.1076000000000  -1.9962000000000  -0.9455000000000
H35    -0.0769000000000   2.0155000000000   0.6205000000000
H36    -2.5127000000000   2.0980000000000   0.5136000000000
H37     0.2583000000000  -1.1835000000000   2.2975000000000
H38    -0.2426000000000  -3.0995000000000   3.7562000000000
H39     3.3236000000000  -5.0912000000000   2.3385000000000
H40     3.8094000000000  -3.1923000000000   0.8890000000000
H41     1.5330000000000  -7.1627000000000   4.7350000000000
H42     2.0083000000000  -6.9119000000000   3.0598000000000
H43     2.9614000000000  -6.1977000000000   4.3827000000000
H44     5.5424000000000   2.5904000000000  -2.0843000000000
H45     0.2898000000000   1.9551000000000  -1.6567000000000
H46     1.4734000000000   3.8563000000000  -3.4661000000000
H47     1.4953000000000   4.4231000000000  -1.8094000000000
H48    -0.9499000000000   3.4510000000000  -3.3369000000000
H49    -0.4801000000000   5.0521000000000  -3.2877000000000
&
