MAEFILE: SM24_micro032.mae
&gen
molchg=2
&
entry_name: SM24_micro032
&zmat
C1      5.5620000000000  -4.6200000000000  -0.7981000000000
O2      4.6744000000000  -4.7732000000000   0.2999000000000
C3      3.4217000000000  -4.2069000000000   0.2049000000000
C4      2.5699000000000  -4.3413000000000   1.3192000000000
C5      1.2765000000000  -3.7860000000000   1.3089000000000
C6      0.8094000000000  -3.0789000000000   0.1831000000000
C7      1.6551000000000  -2.9486000000000  -0.9368000000000
C8      2.9473000000000  -3.5076000000000  -0.9322000000000
C9     -0.5377000000000  -2.4956000000000   0.1741000000000
C10    -1.7533000000000  -3.1486000000000   0.0789000000000
C11    -2.1070000000000  -4.5595000000000  -0.0653000000000
C12    -3.3303000000000  -5.0445000000000   0.4464000000000
C13    -3.6832000000000  -6.4001000000000   0.3060000000000
C14    -2.8280000000000  -7.3051000000000  -0.3523000000000
C15    -1.6030000000000  -6.8217000000000  -0.8736000000000
C16    -1.2526000000000  -5.4653000000000  -0.7315000000000
O17    -3.2490000000000  -8.6143000000000  -0.4469000000000
C18    -2.4002000000000  -9.5419000000000  -1.1072000000000
O19    -2.8334000000000  -2.2687000000000   0.1231000000000
C20    -2.3116000000000  -0.9964000000000   0.2573000000000
C21    -0.9263000000000  -1.1395000000000   0.2901000000000
N22    -2.9642000000000   0.1919000000000   0.3543000000000
C23    -2.1983000000000   1.2868000000000   0.4980000000000
N24    -0.8518000000000   1.2424000000000   0.5514000000000
C25    -0.1948000000000   0.0589000000000   0.4474000000000
N26     1.3049000000000   0.1236000000000   0.5503000000000
C27     1.9866000000000   0.6622000000000  -0.6436000000000
C28     3.4985000000000   0.7888000000000  -0.4137000000000
O29     4.0868000000000  -0.4896000000000  -0.3159000000000
H30    -3.9834000000000   0.2387000000000   0.3237000000000
H31     1.5677000000000   0.7045000000000   1.3333000000000
H32     1.6810000000000  -0.7993000000000   0.7166000000000
H33     6.5099000000000  -5.1042000000000  -0.5639000000000
H34     5.1661000000000  -5.0892000000000  -1.6997000000000
H35     5.7702000000000  -3.5680000000000  -0.9988000000000
H36     2.9126000000000  -4.8766000000000   2.1927000000000
H37     0.6410000000000  -3.9048000000000   2.1745000000000
H38     1.3108000000000  -2.4191000000000  -1.8132000000000
H39     3.5584000000000  -3.3816000000000  -1.8130000000000
H40    -4.0099000000000  -4.3801000000000   0.9600000000000
H41    -4.6223000000000  -6.7494000000000   0.7097000000000
H42    -0.9137000000000  -7.4712000000000  -1.3910000000000
H43    -0.3174000000000  -5.1288000000000  -1.1519000000000
H44    -2.8674000000000 -10.5267000000000  -1.0995000000000
H45    -2.2385000000000  -9.2627000000000  -2.1491000000000
H46    -1.4370000000000  -9.6301000000000  -0.6028000000000
H47    -2.7144000000000   2.2324000000000   0.5795000000000
H48     1.5765000000000   1.6479000000000  -0.8663000000000
H49     1.7787000000000   0.0291000000000  -1.5071000000000
H50     3.7143000000000   1.3636000000000   0.4875000000000
H51     3.9599000000000   1.3145000000000  -1.2501000000000
H52     5.0227000000000  -0.3859000000000  -0.2257000000000
&
