MAEFILE: SM24_micro001.mae
&gen
molchg=1
&
entry_name: SM24_micro001
&zmat
C1     -4.8891000000000   1.0933000000000   0.2052000000000
O2     -4.1343000000000  -0.0402000000000  -0.1980000000000
C3     -2.7601000000000   0.0375000000000  -0.1253000000000
C4     -2.0293000000000  -1.0909000000000  -0.5465000000000
C5     -0.6219000000000  -1.0920000000000  -0.5126000000000
C6      0.0895000000000   0.0362000000000  -0.0532000000000
C7     -0.6418000000000   1.1633000000000   0.3769000000000
C8     -2.0494000000000   1.1705000000000   0.3413000000000
C9      1.5624000000000   0.0350000000000  -0.0248000000000
C10     2.3608000000000  -0.8872000000000   0.6211000000000
C11     2.0889000000000  -2.0483000000000   1.4654000000000
C12     0.9691000000000  -2.0800000000000   2.3241000000000
C13     0.7182000000000  -3.2007000000000   3.1379000000000
C14     1.5807000000000  -4.3143000000000   3.1195000000000
C15     2.7118000000000  -4.2817000000000   2.2673000000000
C16     2.9602000000000  -3.1587000000000   1.4543000000000
O17     1.2607000000000  -5.3711000000000   3.9448000000000
C18     2.1098000000000  -6.5093000000000   3.9324000000000
O19     3.6867000000000  -0.5983000000000   0.4078000000000
C20     3.6768000000000   0.5112000000000  -0.3666000000000
C21     2.4300000000000   0.9604000000000  -0.6774000000000
N22     4.8231000000000   1.1581000000000  -0.8317000000000
C23     4.6557000000000   2.2549000000000  -1.6118000000000
N24     3.4296000000000   2.7221000000000  -1.9436000000000
C25     2.2391000000000   2.1404000000000  -1.5285000000000
N26     1.1127000000000   2.6563000000000  -1.9096000000000
C27     1.0828000000000   3.8338000000000  -2.7614000000000
C28    -0.3710000000000   4.2141000000000  -3.0804000000000
O29    -0.9830000000000   3.2178000000000  -3.8735000000000
H30     5.7297000000000   0.7913000000000  -0.5773000000000
H31     3.3706000000000   3.5401000000000  -2.5333000000000
H32    -5.9508000000000   0.8831000000000   0.0770000000000
H33    -4.7245000000000   1.3275000000000   1.2578000000000
H34    -4.6514000000000   1.9681000000000  -0.4016000000000
H35    -2.5534000000000  -1.9657000000000  -0.9029000000000
H36    -0.0857000000000  -1.9696000000000  -0.8441000000000
H37    -0.1195000000000   2.0378000000000   0.7365000000000
H38    -2.5608000000000   2.0593000000000   0.6780000000000
H39     0.2917000000000  -1.2402000000000   2.3707000000000
H40    -0.1464000000000  -3.2037000000000   3.7854000000000
H41     3.4056000000000  -5.1071000000000   2.2181000000000
H42     3.8281000000000  -3.1606000000000   0.8111000000000
H43     1.7217000000000  -7.2548000000000   4.6262000000000
H44     2.1473000000000  -6.9679000000000   2.9434000000000
H45     3.1212000000000  -6.2556000000000   4.2523000000000
H46     5.5317000000000   2.7735000000000  -1.9817000000000
H47     1.6246000000000   3.6609000000000  -3.6936000000000
H48     1.5606000000000   4.6766000000000  -2.2581000000000
H49    -0.4014000000000   5.1583000000000  -3.6249000000000
H50    -0.9468000000000   4.3520000000000  -2.1644000000000
H51    -1.8762000000000   3.4753000000000  -4.0450000000000
&
