MAEFILE: SM24_micro025.mae
&gen
molchg=2
&
entry_name: SM24_micro025
&zmat
C1     -4.8245000000000   1.1004000000000  -0.2317000000000
O2     -4.0534000000000  -0.0145000000000  -0.6556000000000
C3     -2.6882000000000   0.0342000000000  -0.4751000000000
C4     -1.9425000000000  -1.0810000000000  -0.9064000000000
C5     -0.5417000000000  -1.1089000000000  -0.7696000000000
C6      0.1455000000000  -0.0181000000000  -0.1992000000000
C7     -0.5998000000000   1.0941000000000   0.2448000000000
C8     -2.0007000000000   1.1257000000000   0.1098000000000
C9      1.6118000000000  -0.0314000000000  -0.0794000000000
C10     2.3836000000000  -0.9106000000000   0.6603000000000
C11     2.0663000000000  -2.0357000000000   1.5374000000000
C12     2.9759000000000  -3.1059000000000   1.6791000000000
C13     2.6830000000000  -4.1928000000000   2.5247000000000
C14     1.4785000000000  -4.2367000000000   3.2536000000000
C15     0.5676000000000  -3.1600000000000   3.1222000000000
C16     0.8633000000000  -2.0740000000000   2.2757000000000
O17     1.2689000000000  -5.3378000000000   4.0561000000000
C18     0.0553000000000  -5.4076000000000   4.7903000000000
O19     3.7309000000000  -0.6157000000000   0.5218000000000
C20     3.7667000000000   0.4508000000000  -0.3121000000000
C21     2.5374000000000   0.8386000000000  -0.7139000000000
N22     4.8981000000000   1.1259000000000  -0.7592000000000
C23     4.7382000000000   2.2092000000000  -1.6327000000000
N24     3.5752000000000   2.6244000000000  -2.0699000000000
C25     2.4409000000000   1.9724000000000  -1.6510000000000
N26     1.2685000000000   2.3164000000000  -2.0759000000000
C27     0.9348000000000   3.4354000000000  -2.9807000000000
C28    -0.3043000000000   4.2123000000000  -2.5061000000000
O29    -1.4559000000000   3.3839000000000  -2.4947000000000
H30     5.8056000000000   0.8170000000000  -0.4383000000000
H31     0.4821000000000   1.7605000000000  -1.7540000000000
H32    -2.1865000000000   3.8879000000000  -2.1675000000000
H33    -1.6376000000000   3.0971000000000  -3.3778000000000
H34    -5.8766000000000   0.9108000000000  -0.4439000000000
H35    -4.7298000000000   1.2663000000000   0.8421000000000
H36    -4.5392000000000   2.0084000000000  -0.7648000000000
H37    -2.4503000000000  -1.9251000000000  -1.3500000000000
H38     0.0077000000000  -1.9744000000000  -1.1111000000000
H39    -0.0929000000000   1.9368000000000   0.6922000000000
H40    -2.5256000000000   2.0005000000000   0.4624000000000
H41     3.9074000000000  -3.1056000000000   1.1320000000000
H42     3.3917000000000  -5.0031000000000   2.6137000000000
H43    -0.3665000000000  -3.1410000000000   3.6630000000000
H44     0.1533000000000  -1.2638000000000   2.2069000000000
H45     0.0357000000000  -6.3332000000000   5.3655000000000
H46    -0.0324000000000  -4.5798000000000   5.4953000000000
H47    -0.8117000000000  -5.4127000000000   4.1282000000000
H48     5.6699000000000   2.6918000000000  -1.9316000000000
H49     0.7665000000000   3.0011000000000  -3.9668000000000
H50     1.7937000000000   4.1032000000000  -3.0535000000000
H51    -0.4805000000000   5.0684000000000  -3.1594000000000
H52    -0.1337000000000   4.6060000000000  -1.5029000000000
&
