MAEFILE: SM24_micro011.mae
&gen
molchg=1
&
entry_name: SM24_micro011
&zmat
C1     -4.8996000000000   1.1069000000000   0.1862000000000
O2     -4.1583000000000  -0.0337000000000  -0.2220000000000
C3     -2.7836000000000   0.0237000000000  -0.1402000000000
C4     -2.0669000000000  -1.1195000000000  -0.5461000000000
C5     -0.6601000000000  -1.1433000000000  -0.4984000000000
C6      0.0634000000000  -0.0221000000000  -0.0421000000000
C7     -0.6527000000000   1.1206000000000   0.3713000000000
C8     -2.0595000000000   1.1497000000000   0.3229000000000
C9      1.5335000000000  -0.0413000000000   0.0037000000000
C10     2.3395000000000  -0.9286000000000   0.6871000000000
C11     2.0766000000000  -2.0652000000000   1.5683000000000
C12     3.0022000000000  -3.1276000000000   1.6538000000000
C13     2.7617000000000  -4.2264000000000   2.5002000000000
C14     1.5935000000000  -4.2916000000000   3.2845000000000
C15     0.6685000000000  -3.2216000000000   3.2121000000000
C16     0.9129000000000  -2.1224000000000   2.3661000000000
O17     1.4316000000000  -5.4055000000000   4.0803000000000
C18     0.2421000000000  -5.5094000000000   4.8489000000000
O19     3.6713000000000  -0.6273000000000   0.4707000000000
C20     3.6908000000000   0.4553000000000  -0.3518000000000
C21     2.4304000000000   0.8334000000000  -0.6609000000000
N22     4.8437000000000   1.0782000000000  -0.8095000000000
C23     4.7257000000000   2.1133000000000  -1.6086000000000
N24     3.4259000000000   2.5123000000000  -1.9576000000000
C25     2.2677000000000   1.9529000000000  -1.5569000000000
N26     1.0688000000000   2.3983000000000  -1.9742000000000
C27     0.8420000000000   3.5190000000000  -2.8926000000000
C28    -0.6499000000000   3.8557000000000  -2.9898000000000
O29    -0.8275000000000   4.9415000000000  -3.8720000000000
H30     3.3596000000000   3.3044000000000  -2.5806000000000
H31     0.2451000000000   1.9095000000000  -1.6518000000000
H32    -5.9643000000000   0.9078000000000   0.0646000000000
H33    -4.7259000000000   1.3403000000000   1.2375000000000
H34    -4.6563000000000   1.9787000000000  -0.4225000000000
H35    -2.6018000000000  -1.9892000000000  -0.8990000000000
H36    -0.1339000000000  -2.0324000000000  -0.8151000000000
H37    -0.1191000000000   1.9879000000000   0.7323000000000
H38    -2.5599000000000   2.0488000000000   0.6492000000000
H39     3.9062000000000  -3.1117000000000   1.0624000000000
H40     3.4819000000000  -5.0300000000000   2.5459000000000
H41    -0.2373000000000  -3.2179000000000   3.7990000000000
H42     0.1937000000000  -1.3175000000000   2.3425000000000
H43     0.2536000000000  -6.4470000000000   5.4043000000000
H44     0.1636000000000  -4.6977000000000   5.5734000000000
H45    -0.6446000000000  -5.5137000000000   4.2137000000000
H46     5.5578000000000   2.6839000000000  -2.0235000000000
H47     1.2392000000000   3.2573000000000  -3.8739000000000
H48     1.3986000000000   4.3866000000000  -2.5367000000000
H49    -1.0519000000000   4.1219000000000  -2.0114000000000
H50    -1.2181000000000   3.0004000000000  -3.3571000000000
H51    -1.7498000000000   5.1434000000000  -3.9233000000000
&
